0 0 3874 0 4165 0 0 0 0 0 7526 7482 5274 5510 0 9253 9436 0 6933 0 0 1390 0 6923 0 0 8317 7337 1330 7102 8946 9034 359 0 0 5522 0 4516 0 167 6945 1706 5267 1729 0 7268 6277 0 3109 7834 0 1496 0 0 0 3145 2412 8799 0 1556 8899 0 2468 0 0 0 0 3164 5313 
0 0 0 2766 1421 0 0 0 5628 0 0 0 3137 0 5788 2518 0 4674 0 6385 4877 4069 1155 0 3707 1063 0 2287 0 0 5970 0 0 0 2399 9662 3715 0 3439 9418 0 4536 8707 7561 0 0 0 9788 8340 0 8034 4933 9211 0 5584 3471 8325 4673 929 0 0 9878 3633 569 5383 5515 9610 3608 6292 
0 0 0 0 0 0 0 1238 4786 0 0 0 4008 1851 4576 0 4143 8255 0 6746 0 0 7136 7018 0 2319 0 0 5359 0 0 0 0 2562 3529 0 1112 0 8475 3331 8026 1185 0 0 7283 0 0 0 0 7614 6707 6096 7294 0 0 5868 0 3641 0 0 0 1329 0 5751 9963 1566 0 6678 0 
9783 9608 3379 0 6958 0 1768 8935 0 4399 0 2443 0 0 0 0 0 0 0 0 9586 4481 0 0 4316 0 0 0 0 0 0 0 0 0 0 0 8001 0 0 7150 5434 0 0 4030 0 0 4818 6373 0 6961 1166 1093 0 0 9443 0 2323 6384 0 0 1650 0 0 0 0 1322 0 1677 1204 
0 3712 6681 0 0 6231 6572 0 0 0 0 7955 822 0 0 0 0 6466 4772 0 2469 0 0 0 2383 0 7305 0 6459 0 8503 3799 1021 0 0 2485 4121 0 0 0 2835 0 7962 0 0 395 1773 5460 5890 0 0 3875 0 5752 5040 0 0 0 8160 6257 90 9992 8377 0 0 0 0 0 0 
0 5068 0 0 6513 0 7404 2819 0 0 191 212 7626 8035 6676 0 3693 5220 2892 3223 0 2777 0 0 7418 0 5191 0 0 0 0 9460 4963 4451 4426 115 0 4027 0 0 4916 8596 891 0 0 7607 0 3622 211 0 6624 0 0 1750 4676 0 0 0 1268 0 0 2759 0 212 8747 8303 1941 0 3319 
0 0 3377 0 2329 5991 0 5148 0 0 1890 1290 0 0 0 0 0 779 8567 0 1724 9037 8780 4797 0 3128 0 2008 9554 0 8849 7294 0 6136 0 0 0 0 8295 9020 0 8949 0 0 0 0 0 9842 6834 362 0 9192 713 6248 0 0 0 4976 7079 0 6663 0 7401 6013 9350 4525 750 5133 0 
3476 8417 0 0 0 9843 7463 0 60 2863 0 8901 781 0 0 0 7227 9645 234 4833 5727 0 8160 0 0 0 2912 0 0 7979 3378 0 0 5875 6435 0 9928 9021 0 0 2394 1349 0 0 7385 9980 3787 8060 870 0 0 0 5855 720 0 9703 8325 0 0 4519 0 9530 0 9769 0 4828 1972 0 0 
0 0 0 5759 0 7345 3695 803 0 6936 0 0 9497 3072 0 1159 0 0 7335 1473 3048 0 6529 2507 2325 0 5449 558 1606 0 0 3312 6147 6232 0 3802 0 8885 855 7448 6607 9062 8046 0 9762 2280 0 0 7107 0 1668 8856 9627 0 3261 0 9777 0 0 0 101 0 0 9864 5225 8873 0 0 0 
842 6054 0 0 0 0 974 0 5210 0 0 3946 0 8048 3323 0 0 7305 1007 3727 6667 0 0 8670 0 0 4447 7161 0 0 253 0 0 4476 7606 3819 0 0 0 0 0 5813 0 0 0 0 0 7225 0 0 786 0 3700 8592 2200 5838 3666 0 0 1070 0 0 0 0 0 1594 4452 7176 0 
2549 0 5756 0 2290 1250 2126 1996 8960 4345 0 3302 2020 0 1672 9188 6431 0 5121 0 0 2015 6125 0 2247 3132 0 0 0 0 0 2756 1789 0 0 0 1545 872 4485 0 1684 4998 0 0 169 8726 0 0 0 807 0 9043 6117 6262 0 6282 3022 5346 0 0 5272 9475 6782 0 0 8188 1198 0 4161 
0 0 3087 8661 0 0 2436 2762 0 0 493 0 3850 4824 3966 4477 0 0 6761 0 8897 0 4750 0 0 4191 0 1798 0 0 4686 1104 2591 0 0 0 6965 0 3637 0 0 0 2593 264 1210 0 0 0 3522 0 0 0 7516 0 0 5166 5443 0 0 2919 0 2563 9491 6860 83 0 2567 0 0 
0 7075 7864 0 0 6435 2764 0 0 0 0 5780 0 9352 0 0 1316 0 904 0 0 0 4898 0 0 2551 1526 0 0 0 4825 0 0 0 0 0 25 0 6771 0 0 3277 1748 0 0 9326 5287 537 5700 0 0 0 405 1339 3880 0 1379 0 0 0 1738 3858 9864 0 2058 0 4933 7658 0 
6338 0 0 0 2048 623 0 0 5207 9715 0 3317 8610 0 6866 2117 2159 0 1827 7718 0 2743 4503 0 630 5097 0 0 0 5080 0 0 3659 0 0 1877 5387 0 7513 0 7045 0 3697 0 0 7091 6103 0 9986 4681 6999 8063 0 0 8754 0 0 1979 1753 887 3480 1656 0 1441 0 322 0 5849 4885 
0 2317 7085 0 7797 8086 3688 0 0 0 3592 0 2663 0 0 658 0 522 0 5875 0 6022 0 4644 0 4836 6769 0 6892 0 0 0 5203 3502 0 3791 8794 0 0 0 0 4021 5542 2994 8749 532 738 0 6685 5330 3499 0 9657 519 0 3218 0 0 0 8265 0 9840 6571 0 5212 0 5328 0 0 
571 0 0 0 0 1188 0 2132 1271 0 949 4754 260 2166 4297 0 2780 9483 0 0 7033 1812 1724 5937 0 0 6165 0 4229 545 0 0 1483 0 5375 0 1930 218 0 0 0 8528 2770 7221 0 1922 89 0 0 0 0 0 0 6661 0 0 3662 0 0 0 0 0 3321 0 0 0 6583 9702 0 
9085 0 0 3983 166 0 0 0 0 6106 0 4522 4108 5885 0 3901 0 9724 1250 4636 6346 5013 0 0 0 0 0 0 9232 2437 0 2693 5235 0 0 3406 2915 674 0 2791 0 1728 0 9766 0 3498 396 0 1631 0 1433 0 0 0 0 1097 956 0 2216 2037 0 0 7451 0 0 3731 9659 0 0 
7809 1339 7047 0 6196 0 0 0 2234 2917 9787 0 0 0 7428 0 8333 0 9214 6513 0 2537 0 4299 2227 101 8986 0 9333 3673 7583 0 7977 1989 5898 7147 0 661 4773 0 829 1504 621 463 69 0 6200 6464 6980 0 8554 8886 0 2898 0 6491 0 0 269 0 0 505 5696 3579 0 0 0 0 0 
3795 0 9784 0 4002 0 6635 0 5857 0 0 8065 2475 8047 6094 3943 6138 3932 0 0 3901 2267 0 0 8523 0 0 0 3306 0 0 4420 0 1489 8409 0 266 2474 1763 0 1820 1931 0 0 3862 34 0 1542 6159 0 0 8772 7494 0 154 0 0 0 0 0 0 3661 0 0 2933 5208 0 9366 6469 
4573 5993 9266 0 5966 0 0 5071 3536 7340 0 7338 6110 0 0 8204 0 0 864 0 5918 7676 6788 0 9504 0 5142 0 0 8667 1453 0 0 0 8845 2184 0 8878 0 6681 8310 0 8935 0 0 8375 6177 0 0 0 0 6928 3928 0 5381 0 5288 8790 7312 0 0 4605 0 6537 0 0 3002 0 3863 
0 0 7275 1844 0 6423 9757 0 0 0 5008 0 7613 7792 7188 0 1596 0 2930 5807 0 0 5856 5053 0 0 0 8200 8979 0 0 2989 1599 260 2718 8918 0 6259 5170 1885 9023 0 6631 4788 0 0 0 0 0 3246 0 0 0 0 0 0 9330 0 0 5147 5184 0 0 0 7003 0 0 0 0 
0 5908 0 0 7381 0 3492 0 0 0 0 0 0 731 0 0 9377 0 0 0 0 0 8079 0 6660 1414 0 0 0 0 0 7694 0 4112 2053 0 0 0 1398 1408 0 555 3517 659 3126 9166 0 0 1003 3601 0 0 0 8094 5230 5369 0 4599 0 0 1144 0 6524 1087 8569 0 7645 0 0 
8729 0 1156 0 9482 0 0 0 6285 0 7481 3964 7014 4670 0 0 0 0 0 232 3501 0 0 2353 7718 9252 0 6513 2834 0 0 8830 0 6503 0 2706 0 817 0 4784 5987 0 0 2302 0 0 0 1727 0 581 9522 49 1165 0 3451 0 0 2130 8830 199 6802 0 0 0 4962 9865 8402 0 0 
2544 0 6751 0 0 7867 5672 0 504 3639 0 0 4532 8326 7892 0 0 0 0 2817 7394 0 0 0 0 7623 0 6498 5174 0 5424 9034 0 4189 9551 0 0 7460 6711 0 0 9142 5915 1862 3830 0 2664 5768 6441 4099 6347 206 0 1075 0 0 0 8486 0 478 0 0 0 0 6687 6685 0 0 0 
0 0 9254 0 0 9102 0 0 0 0 3057 0 7715 0 2481 0 0 0 7313 2440 8916 0 2328 0 0 1714 0 1934 0 3931 2216 9384 6479 7210 1549 0 0 0 4052 5165 0 180 0 5956 1847 6842 0 0 0 2960 3378 5986 0 0 7569 8267 5763 0 7027 5761 743 9201 0 0 1814 7953 5947 5515 7341 
2112 0 7825 8920 9721 2902 0 283 0 2717 7216 0 8680 0 0 931 4492 0 0 6597 2407 8504 1292 3662 1307 0 0 0 0 4730 0 0 2541 4425 0 0 6481 0 0 0 710 9181 2603 0 0 1387 8624 7157 8605 376 4742 0 9713 0 5141 0 7877 0 8637 0 0 7616 3858 5320 7646 3467 9956 6298 4273 
9006 1073 0 1154 8140 4008 0 7526 6263 6518 0 0 0 0 0 0 6053 0 0 5088 0 3833 0 8358 7302 4098 0 0 9449 3768 1314 0 0 0 0 0 0 0 0 0 0 0 2992 0 6221 4023 0 0 0 2005 2603 0 0 6550 0 6805 4223 8991 4939 0 0 0 3881 0 0 2774 0 8740 9999 
0 0 0 0 1127 0 3398 5431 4381 2998 0 0 0 0 7372 0 0 0 0 9976 2793 3798 0 5453 8369 0 3240 0 7854 7431 7146 0 6326 0 8731 0 0 0 0 0 0 0 0 0 1435 8862 0 0 3946 0 8026 0 0 2768 5773 0 5120 0 0 1013 0 0 0 0 2195 0 3412 3883 7898 
7998 0 0 8199 5117 5041 0 231 0 9211 0 0 0 812 6428 5588 5560 6098 0 4764 6677 0 0 0 8004 0 0 0 0 0 4228 0 0 6896 1905 0 0 0 3566 3198 0 3530 0 0 2239 0 3986 7672 3585 0 7881 0 0 0 2013 9948 3631 7344 3577 0 1415 3935 0 7308 8744 9426 0 0 5465 
443 8518 1585 5592 0 0 0 0 0 4823 5448 0 6185 8914 0 0 0 87 0 9760 9632 2207 7038 0 8485 1367 5749 0 5786 0 6108 8892 9285 0 0 0 0 0 7532 0 5381 3913 9645 0 9718 0 9623 0 0 0 0 0 7790 0 2114 844 9130 9667 0 0 9036 0 9260 6191 0 4208 8783 0 0 
0 9989 4149 5176 2897 0 0 1707 0 0 0 6738 6423 0 8885 0 0 0 882 0 7303 3201 9752 0 4134 0 6154 0 0 0 0 2824 0 8063 6215 0 531 0 8824 0 0 6964 7828 0 0 0 0 1138 0 0 0 0 3779 0 0 537 5678 0 0 0 5284 667 0 9713 0 1559 0 0 0 
0 6666 0 0 0 0 0 0 6809 0 6289 2073 1458 0 0 5718 9529 0 7823 5314 3673 8595 7977 8917 9185 6151 0 0 408 5693 9001 0 0 0 7235 0 7249 0 0 485 9947 4882 2599 0 7038 1816 2477 0 4432 7866 8208 5508 0 0 4853 4905 0 6710 0 7272 6182 0 8805 4962 6050 8411 0 0 0 
0 0 2902 0 5534 9304 0 5094 0 0 5251 3016 9622 3806 0 0 2054 0 0 1539 0 0 0 1310 0 0 0 2209 0 0 3121 0 0 0 0 6356 0 0 0 5689 7025 6207 8628 7313 6645 0 2410 0 0 0 4621 2615 0 0 1027 5937 8781 8738 0 3037 0 0 0 0 0 0 2077 0 0 
0 4667 8265 0 9105 0 0 0 7124 0 3504 2605 8535 6245 0 0 4124 2348 0 0 0 9291 0 8491 5131 7552 7346 0 5505 8553 0 0 7855 0 0 0 4202 0 7244 9221 9451 4958 4396 8602 9499 1098 1195 7384 0 863 0 0 0 0 0 32 0 0 2958 8541 0 0 0 0 0 0 4878 8184 1946 
2207 0 3515 3511 0 8472 0 0 0 3556 0 6345 7695 0 5497 5462 9024 0 2548 0 367 0 0 0 0 4042 0 0 1815 1685 453 0 2756 0 0 0 7276 0 0 4313 0 0 3603 2160 4358 9086 0 0 0 6088 0 5390 0 5163 9268 7396 0 0 0 2704 0 0 0 2676 0 1268 5674 0 0 
8004 0 9536 6924 0 6958 4036 1872 0 3737 0 146 0 9124 2546 0 6056 0 9588 0 8314 7818 6604 0 5029 4895 9121 2991 0 0 9785 6941 5119 0 0 0 7115 3308 0 8859 0 111 0 4910 0 3061 0 9423 0 7427 0 4347 0 3506 0 382 692 8945 5412 2251 0 0 6152 7847 0 0 4255 0 0 
0 0 8917 0 1662 0 2580 0 0 0 0 0 5089 6311 3451 1950 0 0 0 2833 8323 3157 3524 0 0 160 5926 0 3662 0 3662 0 7238 272 0 0 0 0 7625 3009 0 461 5331 0 5268 4332 0 2657 0 1094 0 0 0 0 0 7867 0 0 1896 6341 2484 6264 1802 2919 9350 338 0 0 0 
5863 9839 0 0 2559 2494 1843 0 0 2504 2517 9912 2465 0 2231 0 0 2938 7042 0 2783 2079 0 9664 8028 0 1224 3727 2166 0 8863 8554 8588 6228 0 0 0 0 0 3287 1957 2627 659 7389 0 0 0 6783 4657 0 0 0 2593 0 5739 3255 0 0 2446 3076 8850 4566 0 0 0 4162 0 0 9138 
0 0 0 8922 0 0 0 793 0 0 0 0 8888 0 4345 2374 0 7314 9962 2496 83 8418 8889 3306 0 9243 0 0 0 2726 9491 1493 8884 0 1653 0 0 6793 0 3126 0 6359 0 0 0 0 1940 2985 0 8220 5838 0 0 0 7735 0 0 0 0 0 0 0 0 0 0 0 571 8704 0 
5039 8196 1224 829 5594 0 0 0 0 6877 0 4643 0 0 197 702 430 5078 0 0 0 0 8512 0 2978 0 0 7927 7923 0 2970 0 0 9346 5353 66 952 0 0 0 708 0 0 0 0 0 7778 0 0 308 0 5490 8184 0 0 0 434 1194 6555 0 1234 2555 0 0 7425 0 6728 8238 0 
0 7088 0 579 0 0 5038 2703 3857 0 0 3619 2237 0 8672 0 0 0 7622 5011 0 8109 0 7244 0 0 2270 6202 0 0 7255 0 0 6958 0 9560 0 0 0 0 0 0 0 9916 0 9466 2439 6286 3952 0 0 0 0 42 0 9028 4877 5596 0 6902 4949 0 7137 8471 9367 909 3880 0 107 
9331 0 1000 6867 0 0 702 0 0 824 8348 0 0 1505 8759 28 487 3693 0 9599 1200 0 9365 7446 4497 901 4290 0 0 0 0 1808 758 0 6718 0 615 0 2473 3959 5565 0 0 1494 9362 0 8325 6943 0 0 6016 4725 8190 2737 2010 8963 0 4233 0 8696 0 0 9296 1724 0 8157 0 0 9264 
0 9139 0 5285 0 9771 8651 4107 0 0 3403 4333 2903 0 0 0 1765 3508 0 0 0 9409 8000 8574 0 464 0 0 0 0 6007 0 7559 0 0 0 0 0 6451 534 1549 0 0 6904 92 0 0 7629 716 0 6737 0 1203 3204 0 0 3118 3754 6175 0 0 4997 470 8678 0 0 311 1420 0 
8999 0 6235 0 0 6295 4791 1207 6417 0 0 3019 0 2453 3770 0 0 0 9347 5010 4095 0 4253 0 8481 6432 8334 0 9592 0 0 2052 0 0 6925 5544 0 6139 0 387 0 0 6474 0 0 8972 0 2579 0 2715 4163 0 0 9879 222 911 0 4408 0 0 0 0 0 6012 3819 5398 1074 6758 0 
0 0 0 0 0 0 3531 9745 0 0 6229 0 9818 0 0 9080 8442 0 0 3277 0 0 0 882 3024 0 0 1513 0 4554 862 0 0 0 815 6238 0 0 0 1466 1650 0 1450 0 0 0 0 0 0 0 0 4091 6683 0 0 0 7262 0 8623 5543 0 0 6621 0 42 0 171 0 4092 
0 0 3258 4040 2696 0 100 2114 2073 5035 5910 0 7413 624 9363 0 0 0 0 6722 6747 0 6623 7172 0 0 664 5105 8656 0 158 9217 0 0 0 0 5461 0 0 0 9095 411 0 0 0 0 8462 0 2395 0 0 0 0 0 2836 0 2317 3865 0 7085 0 7515 0 9828 0 3988 0 2197 0 
0 0 3205 0 7761 9472 9488 0 4679 0 0 0 14 3307 7968 0 0 0 0 0 0 0 0 7238 0 0 0 7871 5960 0 9203 3240 1930 0 0 0 3048 9169 2399 2926 1593 0 0 5258 0 0 0 9593 7009 1646 2252 0 0 8899 0 0 3217 0 0 1536 8160 0 0 0 0 0 8584 5063 6454 
0 0 0 0 0 6836 0 1590 0 0 3445 2135 0 0 0 6623 0 1769 5516 7208 8617 3180 990 4076 5811 5905 0 0 4599 0 7506 0 7778 5886 1891 0 0 0 0 0 0 0 0 2460 7886 0 6611 0 3913 4947 0 0 0 4224 4047 0 1778 382 8835 932 2290 6638 0 1907 2526 0 0 0 0 
76 0 0 5225 0 1783 2388 0 0 0 0 9638 0 0 1971 0 0 6508 0 0 0 5316 1194 8943 0 0 8748 0 0 3507 4546 7008 202 0 4433 3108 0 8570 0 6987 8985 0 0 0 0 0 9828 0 0 6673 8386 0 3696 6826 1388 0 5560 0 717 0 0 6093 1026 2501 8103 6913 0 0 0 
6130 1653 2149 1841 3608 969 0 0 0 0 6111 0 6204 6095 0 1254 1032 8777 9583 4561 789 0 0 2482 2400 0 8123 2486 0 899 2900 2050 9194 2636 5272 8679 0 1041 4840 0 0 0 0 0 5675 9337 9510 4329 3400 0 7885 0 3126 0 0 0 0 0 1375 0 0 0 2215 9550 519 6441 1814 0 643 
6820 882 647 0 2021 0 5054 0 0 9750 0 0 0 544 4694 3887 5604 0 1049 8865 3121 3009 6779 0 0 9742 0 0 0 0 6217 0 0 0 0 0 7581 0 0 0 9197 1617 4066 3494 172 0 1160 0 8509 1887 0 8348 5899 8738 0 3548 7421 0 9254 0 0 0 2088 0 0 0 0 6039 3720 
0 0 0 1448 0 8831 0 3120 0 6316 0 0 9258 0 0 9356 7478 0 9723 0 9965 2483 2406 0 6850 9989 0 3217 8726 9609 0 5042 4671 0 0 3459 0 0 0 8872 0 0 5838 0 0 6171 632 4667 0 3631 0 0 6173 2988 4409 1227 0 0 0 0 1981 0 0 2577 0 0 0 0 5445 
7132 0 1090 0 4175 0 9020 0 4030 2072 2187 1510 2549 0 5224 0 0 9705 6534 9736 0 5654 0 0 428 1399 279 0 1728 4644 0 0 0 0 0 9044 0 0 258 0 0 0 0 1248 5893 8346 6632 9588 9679 0 8072 7493 0 0 809 606 6262 0 3216 5857 7257 1702 81 0 6797 9812 5481 7116 7710 
9739 0 0 0 0 0 8019 0 0 4689 0 3838 0 2324 8608 0 0 0 0 944 2743 0 1445 0 0 7675 6392 9291 0 8651 5855 0 7719 4766 1035 0 0 0 9570 1354 2727 0 0 9038 2781 9057 0 5223 0 8632 3469 0 0 0 0 0 0 0 7886 70 0 272 9908 0 6000 0 7672 5489 8901 
8850 0 0 0 414 0 0 3780 0 7099 0 0 0 6941 0 247 0 5882 0 0 6406 0 0 6005 0 0 8451 0 7745 514 2502 0 0 0 0 0 0 0 0 8283 2006 6673 7839 0 0 0 0 0 0 0 0 8932 7582 0 0 8476 6194 0 0 0 7919 6487 0 0 5248 987 2727 0 0 
0 0 412 6845 0 7417 9136 702 3749 0 0 2115 4528 0 1599 6612 0 625 8233 1479 0 7378 5096 0 0 3535 0 9759 0 0 0 9097 0 5517 0 0 0 0 3782 0 0 1945 4216 0 0 0 2742 5094 0 7414 0 0 2692 0 0 0 0 801 0 0 6958 0 7788 7645 733 0 5168 9750 0 
0 7425 8241 7891 0 0 0 7263 0 0 6328 0 853 934 759 0 6449 7106 5392 0 6850 7950 0 0 6577 0 3016 2325 9182 0 1415 2776 0 4468 0 0 1978 7449 7458 6732 3292 0 0 0 0 0 0 0 744 2566 0 0 0 8871 0 7601 0 0 8234 7506 0 4316 0 0 0 0 6229 0 8693 
5001 8634 0 0 3405 0 8683 0 1439 208 5637 471 6148 6661 3274 1380 9900 3108 0 0 0 0 2699 8785 7153 0 0 2218 0 7263 7334 425 0 8018 0 217 4580 4304 8027 0 0 3894 0 6378 4226 2222 6098 0 2617 2672 0 9612 0 0 0 2722 1057 0 2141 6575 9531 0 503 87 0 4976 0 0 9313 
6514 864 0 0 0 0 0 6635 0 3715 1388 0 0 8137 0 0 9734 0 7433 2400 2112 0 2518 0 0 8083 5959 0 7407 6254 0 0 9438 0 0 3053 8754 375 5645 2834 0 5327 3713 5528 5040 2215 6840 863 7622 9283 0 1791 0 0 2531 7935 3003 839 0 8911 0 0 3868 5168 8989 8591 8005 9979 0 
0 6922 1046 8164 6582 8996 0 6425 0 6717 0 2562 7987 3673 6319 5673 0 9005 6447 0 2578 8101 6245 4021 2025 0 0 0 5209 6045 0 0 983 0 3745 0 0 0 0 1153 0 0 5100 0 2474 0 0 572 8840 2796 0 0 0 0 4073 0 6694 4837 3554 0 8020 5452 3082 8411 0 8527 0 6303 0 
0 0 0 8495 9829 0 0 0 0 431 8608 8235 0 0 0 0 0 0 0 0 0 0 0 0 0 0 0 0 0 0 0 2579 8562 0 1024 0 8018 6893 0 4770 3981 4432 8352 0 7384 8637 0 0 6849 0 0 413 3939 0 3279 1780 1165 9007 0 0 0 0 5743 0 150 5814 1580 6907 0 
0 4578 0 3696 4111 1418 0 0 9497 0 2913 9690 0 8109 0 0 877 9123 0 0 0 0 0 1045 8101 0 0 0 0 9076 7181 2293 0 0 4012 0 1999 6451 603 7484 2561 403 0 9375 5376 4350 0 0 2 9817 5835 0 0 5788 7399 0 2622 0 7097 0 2825 0 5218 4528 0 3482 1130 7052 909 
0 1450 0 3421 9460 4223 6814 2614 2606 4847 0 3132 6502 6919 9419 813 1161 0 0 3895 6062 9501 0 0 0 1523 9923 9000 5332 755 1856 2386 6435 6607 700 2401 0 4392 3672 0 2721 0 5143 1114 5381 0 0 2926 7814 2276 0 9585 2671 0 8825 4306 0 0 0 3953 0 3001 0 0 0 1360 0 2807 0 
0 0 9063 0 0 0 5822 4565 0 9907 0 8190 0 0 0 9493 0 8413 246 0 6867 206 6119 0 0 0 1474 0 0 0 0 0 0 3255 0 0 0 674 0 7272 124 2680 9350 0 339 0 2155 6537 4898 123 0 8037 0 2208 0 2987 0 0 4985 0 3659 1826 0 0 7840 0 9265 8655 3846 
0 0 0 0 6238 7252 0 6837 6664 0 3602 1662 0 0 0 0 0 4638 0 5998 1031 0 0 3195 0 1525 0 0 6733 181 5339 0 5883 0 0 0 0 592 6377 0 1141 0 9240 154 7560 0 0 6824 401 4149 2077 3705 3933 1626 0 6199 3224 0 4003 0 320 612 5976 6378 0 6032 2427 0 785 
0 0 0 0 6698 3900 2728 1708 0 8273 3235 4564 8241 0 2990 4135 9017 0 0 0 0 0 0 7312 6943 0 1521 4680 0 855 0 8857 7226 5296 5551 0 8155 0 0 8876 6773 0 6604 8910 0 0 0 5295 0 794 571 8004 1611 445 7765 5241 0 9249 9912 0 0 0 310 0 1639 0 2432 0 387 
0 0 3223 0 0 5460 0 0 0 636 418 0 0 0 0 0 3462 0 0 0 2583 0 8745 4258 0 6258 0 8396 9203 4153 0 7830 0 0 0 6683 0 1426 0 0 4490 0 1697 2534 4879 9592 0 0 2333 824 4333 0 0 7057 7597 0 0 6422 0 5711 0 0 0 0 0 0 0 0 0 
1845 0 0 3263 0 1663 3645 7732 0 9421 960 7499 0 3860 5681 0 5676 0 1149 0 0 4849 3325 0 3920 0 0 251 0 0 0 2566 9212 4354 0 8086 0 3155 6257 0 4671 223 3537 8586 4376 3079 0 8580 8017 2652 880 0 0 7797 0 8324 4547 0 0 4899 0 0 0 0 2831 0 0 0 0 
3290 7928 4671 2105 1082 5449 0 2341 0 1443 69 0 0 8087 0 0 9878 6741 0 0 4323 0 5786 0 0 0 5881 8881 191 0 7018 0 0 0 0 0 0 3727 2783 0 1982 0 0 1199 0 0 8124 7247 4236 0 3957 0 3171 0 0 0 2581 1926 0 276 0 0 1418 0 0 0 0 499 0 
