0 0 0 0 0 0 0 0 2099 4114 4762 0 214 262 4078 1431 4840 4201 14 454 0 7486 4299 0 0 0 4016 6949 0 0 1034 0 0 0 0 2304 7591 0 7609 0 0 0 0 
0 0 9635 1398 5080 0 2081 0 4718 9454 7520 9821 3691 5542 886 0 6823 2655 0 0 4272 4394 22 2821 0 0 714 0 7752 40 271 7366 9474 7404 7314 0 835 8336 2390 9752 18 1420 6439 
957 0 0 5263 7738 7843 2065 8883 0 3694 0 7111 8244 3143 6146 0 630 1127 0 7792 0 4864 695 7223 6869 0 9351 3159 0 9159 0 5571 5144 1316 0 2190 0 0 8730 0 5216 7025 3876 
9975 5002 0 0 0 0 285 6335 6738 0 0 6899 0 6319 0 5226 0 975 5622 0 0 1607 0 0 0 4478 1300 0 9270 2479 3014 5663 0 4151 9011 5591 0 6574 1252 0 0 0 4542 
0 0 0 0 0 0 0 76 1746 8484 1022 1518 723 4781 0 0 0 123 0 1068 9247 0 0 2148 0 1088 0 0 3451 8498 0 0 0 4464 7578 692 0 0 3993 0 0 753 2573 
0 6010 0 0 3339 0 0 510 0 9452 6432 0 0 0 5380 0 5441 2250 7290 0 0 0 6233 9777 0 9709 6260 0 0 5723 5545 0 0 0 3906 2102 0 2409 0 8885 4450 0 0 
0 5524 4121 0 1422 8466 0 3285 5049 9941 0 125 0 0 0 0 8672 0 1379 6416 9394 0 0 3905 0 0 0 0 8006 0 0 7707 0 6788 0 1504 0 897 0 1858 0 0 0 
9775 8085 1017 8298 0 0 5551 0 1162 3793 3574 248 1660 0 7386 0 1999 0 0 0 0 2637 7311 6463 0 0 6350 0 0 0 0 5373 0 0 0 5911 0 0 6985 0 0 9786 7901 
7006 0 0 0 0 0 0 3029 0 9250 0 0 0 2666 5529 0 0 0 0 0 6083 7211 0 0 0 0 5224 0 4568 1294 1662 4413 8331 0 5011 4579 5312 7045 6167 0 0 0 0 
0 0 0 2760 0 0 0 1213 0 0 0 0 3374 7530 190 0 9778 3477 5776 0 8009 0 0 0 687 0 0 0 0 0 4555 7424 4294 0 9609 9764 1114 3813 0 1755 0 4687 0 
6194 0 0 4411 0 7854 0 4373 0 0 0 0 0 0 0 0 0 0 0 3403 6192 0 8587 0 0 0 7698 4462 0 7619 0 190 0 0 0 3214 9283 7644 0 0 0 8103 8374 
7930 1504 8917 0 0 1796 0 0 0 0 378 0 1056 2425 667 5687 4597 0 3388 4597 0 0 0 0 4417 2374 0 0 0 0 0 0 0 5350 0 0 0 0 0 0 0 5886 0 
1619 55 224 0 6459 3785 2249 0 0 2755 0 6177 0 0 0 9873 4116 1870 0 159 78 5092 4591 0 9525 0 0 0 8277 8657 9140 1264 0 3291 8793 9023 5344 0 7599 3251 2343 0 0 
1184 0 8960 0 0 0 0 0 0 0 3518 0 0 0 0 6431 1703 5126 0 7569 0 0 0 0 0 3472 0 2783 2918 0 0 3380 0 0 0 8955 0 1938 0 0 9621 0 0 
4144 0 0 0 0 0 0 0 0 8720 0 0 6277 0 0 0 0 0 0 0 3919 4301 2886 0 0 5934 2029 0 5860 0 0 0 0 0 0 0 3033 0 5887 0 2279 5701 4670 
3780 0 0 7398 0 0 0 8124 1102 3539 8613 0 0 0 0 0 5796 0 0 0 0 0 556 0 6785 0 7782 0 0 0 7522 5838 0 5779 4105 52 0 0 1434 0 0 4661 8756 
0 29 5183 0 0 8734 6226 0 0 0 0 0 8919 1214 8662 0 0 5997 0 0 0 4663 2395 0 0 0 0 0 0 6647 2327 0 4490 0 1156 5922 0 0 9991 0 7797 9898 0 
0 0 0 440 0 4034 0 6483 2589 0 0 9357 0 412 0 0 4734 0 0 2225 0 2542 0 674 3411 6295 4975 8057 0 0 5090 0 8043 0 3953 8578 1730 0 0 6482 0 0 8121 
1510 0 2726 0 3642 5144 0 9011 0 9120 0 0 0 8802 9303 0 6177 0 0 3637 5394 5027 0 4211 0 0 0 3007 0 0 0 0 820 0 0 9424 0 0 7959 2059 8772 9638 0 
2615 9231 8718 2981 7759 8373 4609 0 0 0 9993 4274 0 9373 0 548 0 0 7869 0 0 0 0 8593 2278 0 7496 0 9356 7280 3654 0 0 0 0 3710 0 5830 5856 0 0 0 0 
0 797 0 2265 0 6896 0 0 0 0 5236 597 0 0 0 0 0 0 0 0 0 0 9057 0 6517 4169 594 7705 1607 8366 2494 0 0 0 0 5355 6092 9713 0 0 2908 6675 0 
606 0 227 0 2677 8385 0 1525 0 0 0 0 0 0 0 999 2720 0 0 0 9566 0 2435 7440 1044 0 8856 9335 4834 0 0 0 0 0 0 0 0 0 0 0 4799 0 0 
0 0 6245 6325 4220 0 8716 3630 0 0 0 0 0 0 0 0 6542 0 0 0 5228 0 0 0 6880 9307 0 8859 5334 0 0 1246 0 0 0 0 0 0 0 0 0 2806 5832 
0 9995 9013 837 0 0 6466 371 2765 9054 0 0 0 2079 0 0 8357 0 0 0 4007 0 0 0 3088 0 0 279 2862 2707 4738 1186 0 3068 3495 5739 0 0 0 3308 0 8641 0 
0 0 7569 9924 7594 3373 0 5722 5466 9817 1710 0 0 0 5603 0 0 6262 0 0 0 4414 4785 0 0 4532 0 7231 7493 0 2763 4562 0 0 0 2675 0 0 0 0 9092 4991 0 
6980 8867 8821 0 7127 3134 1670 0 0 2911 0 8237 0 0 9922 0 9003 7945 0 0 0 0 3193 9773 0 0 8537 0 0 6589 0 7027 0 0 0 0 130 7707 0 6278 0 0 7427 
3134 0 4081 0 0 4766 0 0 0 0 0 3533 0 0 0 0 6236 3813 0 2618 0 682 0 7167 8279 0 0 196 0 7200 0 6718 0 2014 0 0 5852 5799 3996 0 0 0 2850 
0 7546 8879 0 0 0 8605 9706 0 0 0 0 0 0 9759 4188 4747 6607 9521 0 0 9464 0 1643 0 6706 4874 0 4751 0 0 0 7345 0 8468 8424 9374 8849 429 0 0 2282 1501 
372 509 2228 6245 896 2438 0 0 6612 8422 0 2053 0 0 2730 0 3512 0 9144 8857 3113 0 3364 0 7545 1664 0 0 0 7677 0 3516 5116 4748 0 0 7652 0 0 0 0 0 0 
0 0 7176 1118 0 0 4615 0 0 0 0 0 1436 6488 568 0 5697 3258 0 0 7991 0 0 0 0 2034 3525 0 3803 0 0 0 0 0 6666 8679 2593 0 6566 5883 149 0 0 
0 6628 0 0 1866 512 8199 4378 0 0 0 9104 9828 9911 6261 0 0 6909 5030 0 0 0 0 3670 0 8910 0 7021 3344 6064 0 1718 9783 4349 0 6847 0 0 9579 0 0 7004 0 
4973 0 0 0 7378 0 6963 3689 8269 0 0 0 4537 0 0 0 0 4824 0 2667 1691 0 0 0 0 1234 6623 1208 8915 0 3818 0 0 6554 5201 4152 0 2223 5897 7504 0 0 0 
0 3993 0 0 1843 0 0 1953 9716 0 4478 8712 7821 4471 0 1990 3552 9238 5380 0 0 0 3454 6916 4760 0 9378 3033 323 5489 9962 9116 0 0 8601 5149 0 0 0 0 0 0 8722 
0 0 0 0 2323 337 8211 0 0 7043 0 0 7637 0 1122 9087 2068 0 0 7089 4368 8225 7226 0 0 2593 4497 1575 3884 2373 9051 0 3261 0 0 8446 4320 0 396 8845 6898 8607 0 
9115 3751 0 0 2823 0 0 6541 9727 4666 2289 2748 1122 0 0 6163 399 9574 9789 0 0 2598 6114 9480 0 0 2131 0 7541 5995 0 9687 0 0 0 0 7133 0 1379 6913 8314 0 3319 
7054 9559 4890 0 0 0 5093 0 4406 0 0 5098 9452 25 0 0 9564 3029 0 0 0 5750 14 9544 4475 7185 0 5216 993 0 0 9718 0 2966 0 0 0 0 2142 7821 3651 6309 0 
5667 0 0 1878 0 0 5731 0 0 4561 0 4666 7251 0 0 0 0 0 0 0 9745 1546 0 0 0 3366 0 0 1857 4702 0 0 1160 0 0 0 0 7636 0 0 0 6677 8231 
0 1909 2518 4433 0 0 0 0 5920 2749 4310 0 1936 786 4593 7067 0 0 0 9342 0 3595 4483 0 0 0 0 8567 4327 9608 6626 0 8371 5554 3528 6346 5892 0 9676 2726 0 8755 881 
0 9758 2287 0 0 0 0 0 0 0 0 0 0 0 0 6520 0 0 0 6565 0 7531 828 1513 9442 0 7400 188 4924 0 3523 9511 8345 1190 0 527 4655 5150 0 0 6108 0 0 
7261 0 1426 482 3500 5005 0 0 0 9981 9243 0 6846 0 0 3428 0 4906 6980 1011 6059 8205 3314 6134 0 0 8996 2584 0 5109 9250 0 1826 0 0 0 1950 0 8651 0 4727 0 0 
4842 0 0 5369 4362 6831 0 8727 2235 9674 2159 344 0 0 0 2291 130 0 5621 8532 142 2604 0 8029 7097 0 7044 0 0 1172 4958 3715 4825 0 140 0 0 0 8318 0 0 0 0 
0 3048 0 5566 7848 0 0 0 0 0 0 9986 0 0 0 5251 0 2730 0 3129 0 4024 0 2619 0 0 0 3767 8876 0 7634 7586 4948 2623 5755 515 7449 0 0 0 0 0 0 
0 5997 0 0 0 0 7126 0 0 4311 0 0 8918 0 0 6598 2562 4610 0 3098 1835 3887 0 0 9809 0 0 0 0 6564 0 4516 0 882 0 2813 3776 6846 0 5626 0 0 0 
