0 6454 0 0 7708 5542 4170 7181 3232 4928 0 9758 9451 0 0 0 0 0 0 1566 3558 2001 5889 8762 0 0 0 0 0 0 3028 0 0 2128 0 656 8628 0 0 1517 0 0 0 0 7575 0 0 978 0 0 0 0 9190 0 9918 0 0 0 7240 6769 406 0 8679 6846 8144 0 0 3836 5362 0 0 3615 0 8786 5398 4477 
5451 0 4400 0 3351 0 0 6050 0 0 0 0 7840 5387 0 7614 6483 0 0 8575 0 0 0 0 5944 0 1539 0 0 0 0 3447 0 0 0 0 0 267 8315 0 1535 415 8756 0 143 4532 1073 3402 0 0 0 5941 8506 1595 0 4517 4657 0 0 1622 9522 8933 0 0 0 6296 78 3475 0 0 0 9184 0 4384 852 0 
4109 6128 0 0 0 0 532 0 4344 3063 0 4561 0 3439 0 0 0 1315 3356 2914 3956 9229 9689 1550 0 1847 0 8890 9460 0 0 5643 4091 0 0 9852 0 6781 0 0 9427 8636 0 0 0 8801 7570 4746 0 0 0 0 1949 0 889 3408 0 1747 9086 6194 5978 0 8786 0 4573 8307 6889 668 0 4279 3379 0 0 8973 3713 4333 
0 5712 0 0 5169 2372 2967 5226 1968 0 0 8343 0 9926 0 5824 0 2425 3069 9899 9543 0 0 0 0 0 2693 7047 7551 8375 0 9820 0 0 5820 0 1598 2484 0 0 1605 0 0 1170 0 0 3447 6377 6521 0 0 7677 0 0 0 0 0 5533 2920 0 0 0 0 8832 0 0 0 7399 9137 0 2170 5927 273 0 4277 0 
6742 0 0 8798 0 5268 0 7027 6847 7556 0 0 0 0 3718 0 0 0 1519 0 13 0 0 0 0 0 6563 0 8566 0 4518 0 0 0 0 9669 0 5014 0 0 1649 0 0 7571 0 0 0 2418 0 9094 4068 3959 0 0 0 0 0 0 0 0 786 0 0 0 0 0 0 0 8146 0 1906 7569 0 0 0 0 
0 9616 4543 0 0 0 3761 0 0 0 7050 9946 7443 0 0 7677 0 0 5811 0 0 0 117 3723 1912 0 0 0 0 3324 6380 0 8246 0 0 0 0 0 0 1626 2915 7005 0 0 0 3044 4127 1053 0 0 8680 8362 0 0 393 0 8175 0 0 0 4889 7084 0 0 0 0 7764 7721 9813 0 0 0 2939 0 489 8814 
0 1101 7431 0 3635 7394 0 0 9948 1546 0 1271 0 0 0 0 7795 0 0 0 0 6510 8753 0 2702 5422 0 1473 3244 1387 5213 0 0 0 0 1530 4325 7878 8757 0 0 0 0 0 0 1153 0 0 725 6130 8280 388 2862 0 8496 1747 7725 0 0 0 0 5961 7220 0 0 8021 0 0 4157 1543 1339 0 0 1338 4944 6233 
4541 5726 0 0 4792 8352 0 0 0 6503 6750 6678 1292 0 0 0 1014 0 0 0 0 0 0 5535 0 0 5921 0 0 9729 0 573 0 0 2990 0 5841 0 3379 0 0 7228 4873 0 0 5328 5583 7187 7755 7342 865 0 5745 9388 0 4749 0 7304 0 0 5949 8590 0 0 0 5269 102 756 9974 9985 0 2212 3599 0 541 0 
2304 4526 0 0 0 0 0 0 0 0 6919 0 6323 3485 8228 0 5257 1305 0 0 0 1095 0 0 2189 0 8570 0 0 9477 0 9082 0 0 0 1311 0 1288 0 9928 1612 0 0 0 0 3618 0 0 4413 0 0 4046 6787 0 0 5175 8634 0 2829 9148 9798 0 0 4623 2229 8262 5528 0 7540 966 0 5612 3852 7541 6343 5474 
204 0 541 8668 6555 0 0 1844 0 0 0 0 9949 8246 0 0 9298 5075 0 4619 1808 6534 9855 0 0 0 2556 9481 2221 6145 0 9620 3535 7167 0 7593 0 7418 0 0 3050 0 0 0 0 4706 0 4229 3984 9437 9247 5336 0 6358 2634 2812 8761 9891 0 5416 0 0 6853 2817 0 7431 0 0 0 8625 5264 0 0 0 9085 4645 
0 0 2326 0 5820 2306 1362 4587 0 0 0 342 3730 2924 0 4934 0 0 0 0 5329 9524 0 0 5433 3015 0 0 0 9155 0 8111 0 0 260 0 0 0 0 1063 0 4991 0 0 5834 1232 1421 8645 3136 7987 9282 0 1853 0 72 0 4943 2391 0 0 0 5307 3009 0 9409 6771 4994 3295 0 0 4256 4142 0 876 9734 9195 
5660 9510 0 0 0 0 3829 6568 0 4370 0 0 6456 0 5987 8147 5709 2475 856 0 0 6364 8573 4238 0 7393 0 1677 5912 0 0 4711 6416 0 7950 7804 0 8433 0 0 4152 0 3493 0 0 8887 0 0 0 0 0 2022 0 6886 2207 6386 0 9455 0 5416 9952 4824 3356 9068 5519 0 0 7457 0 5558 0 7428 0 0 0 3236 
0 0 0 8675 4908 9416 0 0 0 4761 464 8121 0 0 4136 2854 0 3425 0 392 0 457 0 3196 0 986 7398 2024 7570 3700 2529 3099 8012 3932 0 9227 2030 6223 2444 0 7222 7087 9519 6581 6124 0 824 6839 395 0 6469 3815 2665 2781 0 3892 0 0 429 4193 0 2278 0 0 0 0 0 0 0 6763 0 0 315 0 0 0 
0 0 1516 0 0 0 0 4657 1887 0 8549 3371 3895 0 2063 0 9823 0 6993 0 1584 8525 0 1883 0 0 5644 0 1594 0 0 3983 6529 4721 7490 5805 8314 8554 6148 0 0 0 0 0 0 1047 526 0 2848 544 0 8822 0 8024 0 8999 9142 0 2669 0 0 1930 4718 5753 0 0 0 0 0 7941 3760 8389 0 0 8189 2693 
826 156 0 7174 6712 4307 1510 0 5929 0 0 0 0 8088 0 0 3916 0 0 0 0 9021 0 0 9249 8226 0 0 0 7483 6698 0 9013 0 0 5920 5017 9484 0 0 5254 8535 7104 3152 0 0 0 0 7620 0 6998 5347 0 6721 0 0 0 0 1604 8585 5606 0 0 6175 0 0 0 0 0 6260 0 4810 6362 6344 471 0 
0 0 2584 0 0 0 6944 0 0 1810 6395 0 4462 8614 0 0 4020 3198 0 4759 98 0 9625 0 0 55 6962 0 0 6138 1698 0 190 0 7729 1916 7104 5502 0 0 7139 0 8532 0 9711 0 0 97 0 7060 1153 7464 0 2825 0 4384 6248 2723 2070 144 9240 0 2837 2223 3441 0 0 0 6452 292 5158 8533 6544 0 0 0 
6798 6202 0 6733 7848 0 0 6271 6208 6617 6742 1298 3132 4375 3518 0 0 0 0 0 0 0 0 3319 0 0 0 4665 2202 10 1738 518 0 0 0 4822 5513 0 9902 7883 0 0 1357 0 5926 0 0 161 7938 0 0 7122 7284 0 4275 0 383 5790 1535 0 0 0 2089 0 5390 0 1196 2188 8485 4761 0 0 0 0 0 5881 
0 5531 16 0 0 8505 9305 0 6572 0 0 9300 0 1911 3599 2537 0 0 7289 0 6492 4329 0 9222 4858 747 6324 7842 3901 3987 0 5675 0 0 0 7981 0 6730 1546 0 4956 0 0 0 6536 0 8491 1772 7792 184 0 0 597 0 7264 1981 8496 127 3647 0 3297 3192 0 9423 0 0 5850 752 0 0 3004 0 904 0 6556 0 
0 688 0 0 4303 9455 0 7737 871 9898 0 0 3350 1511 0 3796 0 3003 0 0 7816 0 0 4625 0 0 0 0 0 0 0 0 789 2880 1137 0 6930 0 0 0 0 0 0 375 3151 0 4996 6510 9326 6049 134 0 0 8507 1553 5499 0 0 2853 0 5807 2095 2649 0 0 0 1452 0 5723 0 2220 0 1544 7108 7456 0 
4918 0 1168 0 0 0 9159 743 4785 9867 0 0 0 8861 0 6515 3801 0 5730 0 0 0 0 7721 0 1333 6950 0 0 0 1251 9952 0 0 6411 0 6275 360 0 4693 1505 0 3335 0 1750 4220 6023 0 0 0 0 8809 0 7677 9348 0 0 0 0 0 880 0 0 0 8011 7062 0 0 0 249 0 0 0 5410 2975 9490 
5124 6296 1636 0 1705 4442 3975 0 2107 0 0 0 8718 0 0 0 0 3480 3176 7245 0 9441 6980 8963 0 1030 0 2293 0 0 7898 9789 0 0 3929 3689 0 9741 0 9431 8209 0 0 0 681 1201 0 9621 0 0 0 0 0 9726 0 4808 0 0 0 192 1991 7595 0 950 0 9252 7479 0 6860 0 7515 0 0 4341 848 0 
9582 0 3461 5887 989 8159 0 419 0 0 3146 0 1220 0 0 8176 0 2222 9035 3502 1357 0 0 555 2325 0 0 0 6403 0 0 6190 1835 0 0 307 7515 0 5675 9559 5659 0 7354 0 7378 5706 0 8064 1095 0 0 8623 6141 2128 3501 3797 3860 9653 3308 0 0 7105 0 9911 0 9040 0 1493 0 0 2218 656 0 8024 0 3129 
0 0 0 0 7148 9503 0 797 2635 3674 0 1598 0 0 0 3397 0 5688 0 8443 6760 9418 0 0 0 1818 1450 0 0 465 0 0 0 0 4369 0 0 0 5653 0 0 3067 8421 9590 0 0 0 7739 6875 0 4329 1728 0 551 0 0 2575 8000 6034 0 2447 2933 0 0 5331 5414 0 7854 3711 0 4539 0 8067 0 7309 0 
719 0 0 0 0 0 0 0 8316 0 5376 0 0 3074 0 3502 1805 0 8756 3513 0 5581 0 0 6186 0 0 9511 0 0 0 0 8069 4460 6922 0 5795 0 7603 0 0 6340 0 0 1066 0 4121 3957 0 0 0 998 6493 4716 9437 0 0 3678 0 0 0 2256 7251 7265 6655 0 786 9539 0 6007 3131 3937 9023 0 0 3343 
7585 0 5307 0 2461 0 4100 0 8426 3447 9802 1256 0 1528 0 8051 0 3035 0 0 0 6813 826 0 0 0 2416 0 3360 4404 9877 0 0 0 0 0 0 0 1118 567 9725 8810 0 5661 0 5605 0 0 8981 0 0 9704 0 990 6634 6234 1034 8367 0 0 2413 3195 9118 0 0 0 6908 8510 9386 9913 3999 2139 0 6886 5034 0 
0 4084 0 6959 0 8666 4717 1964 125 0 0 5803 8613 5961 3659 2115 0 5010 0 0 0 0 871 4383 6991 0 0 8952 5028 3996 4471 0 5605 0 7767 0 354 5097 4395 9466 0 1816 0 703 0 7379 5664 7639 0 4334 0 2620 419 0 7982 6546 0 0 0 8832 8544 0 0 0 0 4983 0 3364 0 0 0 0 3569 6215 0 6358 
7839 0 0 8944 0 6107 0 4115 0 0 0 3335 8264 7877 0 1169 0 8555 0 0 1127 0 3950 0 8505 0 0 0 0 0 0 9251 0 7544 703 2748 0 7584 0 7218 9933 0 1847 0 0 0 0 0 0 8019 0 0 7292 0 0 0 0 9441 6153 0 0 5940 0 0 0 0 0 2234 6443 4133 0 0 713 0 0 1264 
6606 0 0 5056 4555 0 0 4692 0 0 141 1808 0 4809 5360 2223 0 0 1813 4901 8589 0 2275 0 0 4738 5023 0 0 0 0 0 5603 9820 0 8820 0 978 8536 2579 0 0 2950 2372 9543 4561 992 7623 0 0 5275 5341 2284 441 6562 0 4815 788 0 0 0 0 0 2973 0 0 0 9937 7745 8800 1970 3556 0 0 424 270 
6846 2379 7397 9931 5969 347 9642 3767 0 0 6042 0 0 0 0 3280 0 0 3290 0 0 4676 5421 2460 0 7412 1267 3167 0 0 0 0 3950 0 0 0 6724 5948 1873 0 2493 5975 0 0 5088 7969 596 0 3437 0 662 7469 0 7214 0 9629 0 1191 0 0 0 3881 696 3391 3785 0 8125 0 0 0 0 0 7438 425 0 9875 
0 0 0 0 738 7253 5650 0 0 9892 9611 7335 8487 0 0 4604 4503 0 3442 0 0 9936 9667 0 9756 0 6836 5622 0 0 0 0 0 1601 0 0 1441 491 6182 9090 1307 4164 0 0 739 0 800 9588 6042 0 7329 0 4678 8213 0 0 8619 2109 0 0 8550 6995 0 0 0 242 0 0 7924 157 2530 9239 7198 0 2895 7637 
9235 0 0 1785 8772 0 0 0 4342 0 0 940 5017 0 0 0 0 0 8793 1973 0 0 0 5468 5448 0 8559 0 0 1971 0 3229 6063 0 0 0 0 8363 0 4032 4792 0 5478 0 0 0 0 0 0 0 1485 0 0 0 0 4485 4942 1511 186 0 9796 0 6643 0 0 1663 0 0 0 0 0 0 6051 7874 0 6555 
5393 4802 8542 0 8135 0 7924 0 0 4894 0 0 652 0 393 9105 9866 4407 0 9933 846 0 517 1674 1343 2479 0 0 0 0 0 0 0 0 8873 0 0 0 0 0 0 8134 0 0 0 3868 0 6305 2092 0 533 3436 0 0 0 6897 0 3891 0 0 9222 4938 0 0 3498 0 5450 0 6206 0 6032 0 1503 0 0 4926 
0 0 0 0 738 5821 0 0 0 0 0 0 0 0 1317 3207 0 0 0 0 0 0 0 5687 0 0 2693 0 2957 7636 0 6252 0 0 0 0 6339 0 2046 0 0 0 9602 5020 1563 4868 1448 5065 0 5302 1881 6327 0 0 511 8317 0 0 9038 0 0 0 3415 6083 0 0 0 7864 0 4902 4839 0 9175 9807 0 5550 
0 0 4867 6150 0 8792 8912 4319 1807 9622 0 0 1365 2195 0 0 0 5818 0 1048 5600 0 3856 0 0 1782 0 2710 0 3427 0 7022 5428 0 0 0 0 0 7847 8641 175 0 0 0 0 0 0 6604 9618 0 5932 2270 6277 0 0 8414 0 1620 8757 0 6654 2068 4946 0 8285 0 9187 1195 4803 0 0 0 0 0 0 0 
9694 4107 1867 0 0 0 0 5490 831 0 8591 0 7660 0 5069 8967 8098 0 0 0 0 0 0 0 0 0 0 0 1365 0 0 0 5330 1286 0 0 5653 0 7833 0 6802 6770 0 0 4259 0 0 0 0 0 6882 8483 4044 9669 0 0 2547 0 556 1826 1839 0 0 9159 0 897 0 9430 3512 4543 7560 0 0 0 5928 675 
0 0 0 0 2361 0 0 1479 6635 5033 4857 1356 5374 0 8512 0 9441 0 0 9867 0 0 8797 3874 0 0 5108 0 3978 3373 0 6533 0 1373 573 0 0 5218 0 0 0 9865 0 0 0 0 0 0 2926 8949 567 0 8299 2809 0 1199 0 0 0 0 0 7303 2481 0 2060 0 0 3060 8517 5341 0 0 617 0 7037 1053 
0 0 0 0 194 0 0 548 0 0 8683 3369 5546 0 5752 0 0 0 0 222 0 7003 3179 0 0 0 0 0 0 0 0 0 0 6200 0 6654 0 6621 240 0 6087 0 0 0 3366 3768 9643 193 0 0 8613 840 0 4981 0 196 2326 0 2642 0 1909 0 6228 0 7042 0 536 0 0 0 0 7984 0 0 0 0 
8108 7727 0 6598 7184 6249 3609 0 1131 0 0 0 2543 0 0 0 7834 0 5375 1391 7475 0 7687 0 9351 0 0 1902 4049 0 0 4115 886 6362 0 0 4464 0 0 3396 0 0 7769 0 0 8676 0 0 0 5142 8649 0 2282 0 0 9528 5306 2066 0 0 520 3952 2346 0 0 0 2173 0 534 6411 0 4348 9200 6471 0 0 
0 0 5683 7734 6037 0 7379 0 0 3349 7253 0 4530 4233 3489 0 0 4560 2445 2845 6426 5855 0 0 3599 0 0 7902 0 6493 1086 9445 5613 0 0 7743 9253 0 0 0 0 9858 0 8154 0 0 2616 7018 0 0 0 0 0 0 0 0 0 0 7921 3795 9501 2191 5497 0 0 0 2939 0 8724 0 0 0 0 4110 0 0 
1222 0 0 0 9905 7378 0 1063 0 0 0 4202 0 0 0 9340 8377 0 0 603 0 0 0 0 2202 0 0 0 0 7978 0 3563 70 8577 0 414 3714 0 0 0 4957 5206 0 0 4397 0 4426 328 0 0 0 0 194 0 6801 0 7208 0 0 3578 0 0 8740 5316 41 0 0 0 0 3724 6908 5227 0 9193 2194 6043 
0 0 1925 0 3243 0 0 0 0 0 0 2927 6196 0 606 0 6070 0 0 1497 0 0 0 1114 2324 0 0 0 0 7974 0 0 0 1357 0 0 0 2413 0 0 0 3130 1889 5166 0 2818 0 7205 0 5025 0 4911 0 0 4428 9010 4933 5581 7129 0 2076 2089 0 0 0 0 0 5776 3975 8730 0 976 6262 9117 0 0 
27 0 0 9603 0 8897 5302 3970 5107 0 5646 408 2176 0 0 0 7790 0 2458 7995 0 0 0 833 0 0 4598 0 0 8172 0 5243 7952 0 1805 4579 1101 0 6720 88 0 0 9524 683 0 0 1537 5252 3544 6502 851 389 7037 0 0 0 9216 0 0 6201 7097 0 0 1092 0 1052 0 9130 6140 0 2708 8955 1968 0 3682 7498 
2823 8221 4433 0 6446 0 0 6359 0 3503 1098 4108 0 0 430 0 0 0 2921 0 0 8759 6784 0 8819 4563 0 3758 0 6115 2958 0 4707 904 0 0 0 0 2170 0 0 1136 0 338 0 6808 0 0 1189 1894 0 1320 6845 0 2500 5926 0 3039 0 0 9684 8908 0 0 0 0 5950 2639 5840 0 559 7488 0 0 671 0 
1006 0 0 8022 5089 0 4947 0 0 0 7967 1187 0 8249 0 3633 0 2732 6139 8031 0 0 5983 8557 2640 8414 0 510 2597 0 0 0 0 0 0 8650 4714 0 0 0 0 0 8101 0 2854 7876 0 7668 6443 6466 0 0 1305 0 0 7760 469 0 5223 514 0 7447 0 0 0 315 5219 5813 0 9579 0 0 0 3336 0 0 
0 517 1772 7868 8182 3653 2517 1560 0 0 0 0 6597 8221 0 2405 1780 0 0 0 0 0 8855 8948 2375 301 8048 5304 0 0 2553 0 1520 9327 0 0 6291 0 3391 0 4747 0 0 4078 0 0 4133 0 5858 0 9204 4985 1579 6052 3083 7136 4935 0 2591 8039 8468 5731 0 0 4927 0 0 0 0 5433 0 1870 2346 0 9866 0 
9202 0 0 0 7160 6160 0 5112 0 0 0 7082 2907 0 2270 0 8127 8559 0 0 0 0 0 0 3610 5194 6161 1234 0 0 802 0 4228 0 0 0 7128 4026 2693 6946 0 0 507 4423 9973 0 0 0 0 4096 4803 0 3846 0 0 0 0 1981 0 0 1907 0 0 1792 8160 6348 0 2856 883 0 7044 0 0 0 8936 3834 
5413 1023 0 6537 9214 5710 0 5250 2746 0 0 0 2766 1161 524 0 0 0 4936 0 0 0 0 0 8866 0 0 0 6275 0 279 0 0 0 0 0 4936 2659 0 7571 0 9842 0 9826 9589 5499 0 8631 5162 0 0 7084 1510 0 507 8999 4011 708 7317 1706 0 0 496 0 1689 431 9999 0 5917 3 9916 8278 1453 0 8410 7444 
4821 5063 3339 8239 3624 5734 6237 0 5056 0 6507 626 994 0 0 0 8572 0 0 0 5657 0 0 0 894 8022 0 4555 0 0 0 6820 5891 0 4114 5882 0 1543 7806 9140 9886 5457 853 6539 0 0 5435 0 0 9131 6428 0 6640 9069 0 0 0 0 0 8100 2903 280 0 0 994 0 4883 0 8570 1841 0 0 2892 9179 0 5525 
0 5232 0 0 0 0 4876 0 696 0 0 0 4765 0 4892 0 0 3374 0 6368 0 0 0 3189 0 0 4156 0 0 0 0 0 0 0 9862 0 4825 0 8928 8954 8747 0 5645 5471 8708 0 2874 0 0 1280 0 4199 0 0 0 0 238 0 0 0 892 3511 2716 0 0 0 0 0 5225 6170 0 0 4588 0 5302 0 
0 882 7814 6523 0 564 0 3972 0 2514 5796 184 2122 3597 1514 5513 3123 6204 8031 0 116 0 9485 2750 8891 0 0 69 0 6494 5690 4982 0 0 0 5472 0 0 9609 0 1902 0 0 3751 0 0 0 0 555 0 1133 5448 0 8997 0 9949 8882 9489 0 7373 0 7622 0 0 8256 6897 3059 0 0 5959 9192 6092 816 0 0 0 
0 9279 0 0 0 9530 1200 0 0 3509 0 0 294 1434 0 0 797 6928 2496 3044 8703 0 0 0 5818 7914 0 8524 0 0 3287 6469 0 6723 0 7963 3765 751 1638 0 9202 0 8418 5818 7388 0 0 6366 0 0 0 1641 0 4 7759 3241 945 5590 7512 9467 5501 1123 0 9792 0 0 0 0 3496 7914 504 0 0 0 0 3038 
2538 4589 8590 0 0 2305 0 9047 0 8714 0 3710 387 3006 0 0 5230 0 7369 5755 0 8741 0 0 0 0 0 1982 0 6786 1004 0 0 0 0 0 5770 5672 0 9364 0 1581 0 652 5721 822 1306 0 0 0 0 0 0 0 0 0 0 0 0 0 0 0 0 8264 0 0 0 0 0 0 0 7376 0 4327 0 0 
0 830 0 2841 0 7062 0 7833 6891 0 8114 0 0 488 9408 3208 0 0 0 0 4921 371 333 0 0 0 0 0 1818 978 0 0 5843 0 4196 3869 8374 0 226 5081 0 0 0 2620 0 0 4791 9166 0 7083 2479 0 0 4422 0 0 0 0 3344 0 0 1890 8463 9227 4464 0 0 0 0 0 7697 9009 4570 0 9347 555 
0 0 0 6798 0 1480 0 1597 0 1002 0 0 3198 2893 0 60 5775 2869 0 9095 9926 0 0 0 6475 3835 3501 6166 1079 9889 0 0 0 7560 4928 849 6211 0 4196 496 0 4265 5567 0 2544 0 4837 0 2408 0 0 0 0 0 0 2927 2600 0 0 0 0 4078 0 0 6530 0 0 7031 851 6700 5910 7533 556 2392 7091 0 
0 0 0 0 4434 9531 0 0 854 0 2407 0 6079 0 6529 0 2563 0 0 0 4540 0 0 0 0 0 0 0 0 6217 0 0 4230 0 1762 0 0 1720 0 0 1172 8612 0 6006 0 8371 0 2283 0 0 0 1332 0 4018 0 3327 0 1850 0 9096 6870 5115 1265 0 0 0 8644 3244 0 0 0 2353 9404 4708 9136 0 
7944 0 0 0 9618 0 0 0 0 835 7506 2641 0 0 0 7094 1042 3035 0 5993 0 2313 1256 3369 0 2021 0 0 0 0 0 0 0 0 4037 0 0 8376 2045 7424 0 6409 0 1661 0 3535 5744 0 3817 0 1236 0 0 7789 3243 0 0 0 0 4845 0 1868 0 2577 0 0 0 0 3308 2193 0 468 0 5788 0 0 
0 6532 7495 0 0 0 0 4134 8365 0 0 484 6938 0 734 0 0 0 0 0 0 6287 0 5536 2994 9197 0 7020 0 9228 0 4545 0 3856 0 6852 0 5127 0 7373 5009 0 0 0 0 8147 0 5454 0 5428 395 0 0 916 9641 6876 0 5107 0 0 0 9960 0 0 0 1544 0 0 0 1441 1448 0 8595 5745 5084 5988 
4363 0 0 0 0 2772 5080 0 0 9907 9303 0 9010 6510 8758 0 0 0 0 0 0 6629 0 1240 0 9108 0 6078 1158 6165 7414 0 7162 891 227 0 0 0 5475 5850 0 0 0 0 0 9594 8671 0 0 1752 0 0 0 6498 0 0 0 0 7542 2938 0 6182 2500 579 0 0 8405 8221 9233 3613 4735 0 7268 0 1295 0 
4828 0 0 0 9001 0 9576 0 0 8200 0 8896 0 0 141 0 0 67 8849 3796 0 0 4491 1432 0 0 1804 2633 0 0 0 0 0 370 0 7931 0 0 0 0 3270 0 5183 0 3236 1759 7981 4976 0 0 0 0 2478 0 0 6774 0 0 0 2991 0 8325 0 0 0 6731 0 756 9363 5071 9488 7621 0 0 6643 0 
0 9650 0 0 0 0 4371 0 9774 0 0 475 8410 7017 0 0 2698 0 9345 1594 7672 8840 466 0 7527 4703 4332 5142 0 2511 0 0 5392 0 0 0 0 0 5848 2345 5364 5511 9052 0 0 0 4415 0 1812 9790 1586 785 5017 511 1038 2025 8580 0 989 0 0 5658 6085 5313 4558 2795 0 823 0 8979 0 0 326 2766 0 0 
0 5789 8871 4754 0 1339 0 4910 0 4252 0 9808 0 0 0 0 0 0 0 0 0 0 0 0 8770 0 6976 3132 0 3144 651 2402 1189 0 0 0 6726 0 0 0 0 5522 0 4563 0 0 2603 2951 0 0 9504 0 2081 0 0 0 0 5561 0 4817 0 0 3274 1891 2610 2959 0 9474 0 2954 87 0 254 497 0 6812 
3001 7881 0 0 4784 0 4420 0 0 0 4031 0 0 0 0 0 0 0 6916 5906 2120 5423 0 0 0 2939 1013 0 0 6020 0 0 9906 4298 0 142 0 0 0 4890 2141 0 5355 8030 0 0 0 931 0 606 3107 0 0 366 8611 6154 9672 0 0 0 0 0 788 0 0 0 0 8075 0 0 4806 8230 6925 0 0 0 
6796 0 5987 3906 0 0 5200 5800 7124 5818 6157 3991 0 0 0 1 0 9820 0 8733 4069 9050 0 1899 0 8593 0 0 7760 0 9557 0 0 5083 2869 0 0 0 7342 3949 9895 0 6198 0 0 0 0 0 4855 0 3236 0 0 0 2590 9742 3374 0 0 0 930 424 0 705 0 7685 0 7788 0 7812 0 3280 0 3564 7992 4573 
8537 194 0 0 9688 2467 0 0 0 0 3126 3506 0 9131 8377 0 0 7890 7021 39 0 6157 8305 6746 7226 0 0 0 5024 4492 0 0 0 0 890 8901 0 0 3044 0 0 5635 0 3310 7994 4983 5486 4919 0 0 0 0 0 175 0 6327 4700 1058 0 2052 0 5270 2728 0 7675 0 1348 0 0 7822 0 0 0 7533 7435 8913 
0 2094 5382 6260 6248 8638 0 2608 0 0 0 0 4271 0 4486 4877 0 3424 3177 6023 0 0 2922 2816 0 5942 0 0 0 3035 0 5836 8353 3028 0 0 4238 0 7058 0 0 0 0 7144 3121 0 5959 289 0 0 7009 0 0 4643 0 0 8920 0 4459 7784 8901 0 5543 2102 0 5269 0 4252 0 9136 7361 8810 5784 0 8936 2368 
0 0 5027 9658 0 9378 0 0 8013 4000 9155 0 7091 4573 1209 0 591 5548 0 1477 9441 0 0 0 5482 2904 0 0 290 4725 0 7186 2411 301 0 5502 0 8889 1969 0 0 0 0 0 0 7908 0 0 0 2281 9960 0 9911 6872 5888 2878 1220 0 1975 3974 0 0 9288 0 0 0 0 0 1826 3389 5726 1874 2966 6161 0 2171 
0 1853 0 0 3135 0 4797 0 0 2695 8164 0 3364 7569 0 784 2264 1471 0 3502 6040 1610 0 822 2195 0 7929 6405 0 4168 9261 4928 0 0 0 1283 2200 0 580 0 7283 2710 8757 0 0 9811 9946 5917 228 8162 0 0 6096 0 7609 0 0 8581 1377 4426 3826 0 0 0 0 6785 0 0 6626 6117 0 875 0 0 1159 0 
0 1312 0 8375 1137 0 5796 743 2451 8459 2715 0 9054 3304 4883 7371 0 0 1941 0 3250 0 0 0 7293 701 0 0 7191 4334 0 7407 0 0 0 0 9636 3254 0 1301 3885 242 0 1336 8986 475 3010 6606 9478 0 0 2309 0 5319 0 0 0 0 6026 6562 0 0 0 9896 0 6754 0 0 0 0 2414 2468 9137 0 0 0 
0 0 2853 7320 3825 0 8639 0 0 0 0 0 0 0 0 3965 5491 0 4076 0 6052 0 9282 4854 8735 0 0 7957 0 0 4723 6019 0 0 0 7174 6955 0 1685 0 0 0 757 0 9876 0 495 7679 0 0 1432 0 0 0 9757 5467 0 4566 9601 1524 0 5452 3337 6641 7678 0 0 0 0 0 2672 0 0 0 6388 5082 
0 4124 7960 0 0 0 8445 6262 5725 8588 9010 1560 5473 5150 2057 0 0 0 0 0 8783 1067 0 0 0 0 0 3406 7805 1160 7904 0 0 2420 1170 0 987 1228 0 0 0 3667 0 0 6808 4768 0 0 9090 1505 9478 5067 0 1691 935 6964 2911 1667 6867 0 0 0 2747 0 0 0 0 0 4419 0 5662 2282 0 6500 228 5474 
0 8345 3200 6721 0 0 9913 1270 6882 0 2910 0 0 0 1774 5427 1122 0 0 0 0 2368 0 0 0 3161 0 0 8026 0 4230 7852 4518 1533 0 0 0 0 0 7518 1483 0 0 0 2697 0 1600 0 0 3206 9448 0 3926 0 0 9696 9133 0 8358 0 149 7397 0 9463 5847 7519 3051 2405 9025 0 0 0 5029 3372 0 0 
0 0 3453 4809 590 0 0 0 1008 8920 4310 0 7232 0 9639 2017 0 5944 0 147 8766 0 7512 1076 0 4376 0 5086 2924 5524 7738 0 0 0 368 0 6336 0 0 0 3680 0 0 9842 5450 9848 9591 0 8491 0 0 0 6004 1244 3871 7949 4963 0 8500 1541 641 9184 9450 0 6392 0 9140 0 8224 0 5948 0 0 524 1128 0 
0 0 8531 0 7403 4515 6197 0 0 35 0 0 0 0 2208 8633 0 0 0 0 0 1218 0 0 7648 0 7976 1991 0 0 0 7154 9484 0 7817 0 666 0 0 0 0 0 9550 0 2680 0 3236 4134 0 1212 0 0 6612 0 6522 4955 0 4996 7677 4458 0 5126 9856 1152 6757 0 2227 624 0 1185 0 0 0 0 0 0 
6514 7064 0 0 0 0 1559 4823 0 0 9503 0 9191 3015 1663 7748 0 2264 6177 0 0 3374 0 774 6665 0 0 0 0 0 9645 0 8738 90 0 9375 0 0 0 0 0 0 0 7726 3888 0 5708 0 9730 0 0 0 0 5539 0 6748 0 223 8465 0 8889 833 7355 1451 3951 1784 0 3190 0 7320 0 9351 7762 0 0 2344 
0 0 8182 0 0 6562 9837 180 1554 0 738 4824 1510 0 5490 6777 0 3331 1375 7102 0 2229 6827 0 130 0 2171 0 4616 7650 5398 6958 0 0 6793 0 2942 9938 0 0 0 7767 0 1070 0 4116 1595 0 0 6925 0 0 0 9869 3700 9247 922 0 5529 0 2990 0 0 8888 0 0 0 0 891 0 1060 0 1968 0 0 0 
0 1102 6471 0 0 9808 0 0 2294 4325 0 0 3473 0 4569 0 8702 1562 5588 0 0 5563 0 0 0 1331 9121 8962 0 6757 0 657 3111 0 3337 0 0 2285 0 7317 0 0 3320 247 4421 0 8056 9397 0 7478 7979 0 215 6834 0 17 6866 8030 3683 2520 0 4036 1945 559 3229 7451 0 0 0 0 0 0 0 3336 1948 0 
