0 0 2711 4210 5162 5447 4552 0 0 3449 0 0 0 0 3207 0 0 0 6007 0 0 0 4042 0 0 0 3918 3067 0 0 
9556 0 9470 1786 8655 0 2029 0 0 4596 5339 655 0 2939 9683 0 1902 0 0 7570 8309 0 5845 9768 0 5048 638 1147 373 123 
1632 0 0 9069 2079 0 0 0 3366 2137 1654 0 1981 0 0 5250 0 0 0 0 0 0 0 2747 0 2251 9917 992 1597 0 
0 0 0 0 946 0 7729 0 967 0 5160 5208 9192 904 0 4431 0 0 4343 0 0 0 0 0 0 6160 9206 7070 0 0 
0 532 0 3016 0 0 380 0 0 7208 6731 9936 229 9425 1825 0 0 6410 9082 0 0 0 0 0 0 0 0 6681 0 2458 
3335 6878 0 5374 4891 0 3331 0 0 5953 1000 0 583 3277 1962 4187 0 0 0 0 8032 9250 6513 3822 0 0 0 9175 7922 2496 
9497 3851 0 8958 2476 5070 0 191 0 0 6543 4485 0 7898 0 0 0 1030 498 0 9402 8195 809 968 2771 291 0 3308 0 0 
2304 3860 0 0 0 0 2800 0 0 5975 2470 6507 0 9710 0 3144 0 0 0 6628 8791 8719 3363 8650 3848 0 0 0 0 0 
0 0 2952 7360 837 0 7055 0 0 0 0 0 0 4781 0 0 0 9867 2282 7680 8907 0 5404 0 3545 2605 9181 7580 0 4292 
0 0 3174 856 2338 7731 0 0 1328 0 5946 0 0 2478 1310 9961 0 3514 6630 0 0 0 0 0 6722 0 9443 9065 0 2674 
0 1982 0 0 0 4723 9944 742 0 5262 0 0 0 0 4567 0 4467 0 6263 0 1878 0 0 4473 9515 0 9955 0 0 0 
0 0 2474 8906 7328 0 8963 0 0 0 0 0 7609 2900 4869 0 1898 7984 2192 7874 7861 0 7581 7021 0 0 9717 0 0 3756 
0 9475 0 576 8264 0 0 8429 0 0 0 6799 0 0 0 0 3871 5647 3283 277 6602 0 0 0 0 4258 0 0 0 8045 
0 0 1325 6097 0 5719 9629 8454 0 5637 7149 8938 0 0 2703 7432 5112 0 9652 0 711 0 6330 9032 4305 7064 0 6895 0 0 
0 8898 0 0 0 9920 2570 5015 6608 2939 6836 9938 0 6358 0 1534 0 0 2853 5871 0 6931 9390 0 0 0 0 6290 1431 0 
0 0 5954 1999 0 0 4503 0 0 0 0 6795 0 908 0 0 2799 0 1417 9810 0 0 647 0 0 0 2687 7533 0 4180 
0 0 0 2600 8890 3909 0 1807 7422 2382 0 0 8870 0 8114 0 0 8216 0 0 0 0 0 0 0 0 2854 4494 0 0 
0 5196 0 7960 5602 1989 2594 595 6883 0 8341 0 254 9493 9144 0 2105 0 0 1648 0 0 0 0 0 5335 1771 0 0 906 
8876 5838 4656 0 0 0 0 7175 0 0 0 0 2186 0 3535 0 3741 0 0 0 2359 0 8901 0 0 0 0 862 4967 7029 
0 9876 0 5887 5693 1751 7548 4694 0 9386 0 3894 0 0 6905 3662 0 2741 6251 0 1107 6712 0 3867 1939 0 0 0 0 5429 
0 0 0 0 2446 3218 0 5426 817 3428 3971 7686 0 2125 6072 3951 0 0 3138 0 0 0 8808 7751 4859 5807 1681 0 4759 0 
0 0 2642 238 0 3526 9718 8447 0 0 7360 0 1597 0 0 0 0 2314 0 0 6463 0 8253 0 5408 4781 0 0 4845 9299 
261 1487 1326 2623 0 7226 0 5324 8389 6576 721 0 0 6753 4104 0 0 7626 1845 0 0 2928 0 0 0 4825 0 0 0 0 
6370 1216 9481 0 0 0 0 0 1184 0 0 0 4103 0 2665 0 7659 8741 4606 0 0 0 8444 0 0 0 0 2339 636 8395 
0 2439 4230 0 0 0 121 6047 1954 7747 0 0 5261 0 0 2455 1134 3374 0 3986 9826 0 4512 7149 0 0 5180 0 1267 2153 
5912 2137 0 7829 26 0 0 0 6579 0 9695 4847 0 9988 0 0 7245 0 9455 1384 0 1783 0 4947 0 0 0 8935 9809 0 
0 6277 977 0 9593 0 0 0 8942 4988 0 594 6652 0 8219 0 0 8779 8149 0 2620 0 0 4512 0 0 0 2752 0 6599 
0 9508 0 0 1828 0 7517 0 0 0 2210 0 8293 408 0 0 0 0 2711 4793 1725 6661 0 0 1851 9129 0 0 0 320 
9657 4458 0 0 0 0 0 5826 93 9581 0 8000 6802 0 0 9899 0 0 0 4717 0 3331 8888 6115 7555 2870 0 0 0 0 
287 1501 4789 0 0 2267 0 0 0 0 6355 7036 5982 6246 0 0 8482 1190 4240 9453 1154 0 6289 0 6465 9389 0 2298 1807 0 
