0 0 0 0 0 0 3205 0 6869 8489 0 7122 7142 0 2772 1248 8370 0 0 7651 0 8671 0 8115 0 0 5585 0 7978 468 2755 6517 0 0 0 0 0 0 0 0 0 0 9237 6945 0 0 0 8242 0 5009 1984 0 2403 0 0 0 7517 1503 0 5602 5448 7076 0 0 7039 9182 0 5332 0 6240 0 0 0 4553 2364 6256 0 8769 0 0 4288 3549 0 2692 
8360 0 1309 0 7095 0 0 9451 3711 5714 0 0 0 9645 0 8918 0 2015 7629 1988 7834 7711 9848 0 9665 5637 143 4599 3356 4944 3247 5558 7228 663 0 8095 2674 8725 4236 4395 6011 7619 5111 0 0 0 0 8259 3444 4735 5244 0 7898 3256 0 0 9755 582 0 2011 3668 0 0 0 0 0 0 3474 2888 0 5740 4990 0 0 8713 0 151 0 446 7720 0 6179 0 0 
1466 706 0 4473 2125 0 7333 3446 8455 0 4817 0 5258 0 0 7448 2346 0 2985 1105 0 0 0 5139 8355 9528 8632 3789 5654 4137 5168 6053 4154 5134 3790 2646 880 0 1914 0 0 0 0 0 5652 7578 0 8696 264 0 0 3000 6149 2447 4715 0 810 2580 0 3601 0 0 0 7662 0 7275 8528 3500 0 0 6877 2988 5896 7812 0 0 0 0 0 0 6653 0 0 0 
0 0 5461 0 1968 659 0 9491 0 9294 0 2743 7367 807 4623 0 5382 5888 0 3279 257 7182 0 5198 6684 0 0 1312 0 4471 9690 5207 1385 0 0 0 3032 9983 0 319 0 4172 0 0 5094 6264 0 0 0 0 0 0 7392 0 0 0 0 5050 7877 2851 0 7041 0 4603 0 7759 0 0 2486 299 5292 1515 0 3692 0 958 7493 2499 0 9426 0 7489 6123 5741 
3673 3868 0 0 0 0 9975 0 2457 5912 7151 9491 9724 7673 0 1882 0 2699 0 5914 3653 2332 8179 0 6481 3190 0 4356 0 0 0 0 8419 3559 0 2383 0 0 0 0 213 7774 0 0 0 3422 0 6206 7681 0 5399 6879 6649 0 0 1430 0 9220 1157 604 4596 4712 0 0 0 0 7471 7651 0 1257 7294 8186 8308 0 5475 0 9763 0 326 0 9690 0 1550 3646 
0 0 9247 5043 1136 0 0 5450 0 0 4220 3300 5889 0 4157 0 0 0 4672 1082 0 5486 2824 8436 0 212 0 5439 6134 0 0 3895 0 1699 0 6266 0 0 0 0 0 564 0 0 9971 5126 5235 0 6401 4390 5924 4553 6499 2419 7829 0 2644 5749 0 0 3446 2974 0 0 2518 9978 0 9186 0 0 0 0 0 0 0 4193 0 0 0 0 0 3133 0 0 
0 0 0 1395 1754 4808 0 0 6357 0 2108 0 9596 0 6580 0 0 6851 1053 5516 0 3053 9 0 465 0 0 0 4703 0 0 6872 0 0 0 1513 1317 8870 0 5348 0 0 0 0 2482 8891 3271 6840 0 0 0 0 6357 0 0 129 1066 7491 806 0 2504 8902 6442 5934 0 0 2889 0 9953 9739 0 0 3001 9533 0 5357 4233 4235 0 0 9215 9108 4393 2512 
2586 4863 7328 6574 1066 0 1312 0 0 2162 0 8516 4560 0 0 0 9056 8671 410 0 2951 0 0 5652 0 0 825 0 0 0 0 2938 5507 7776 0 0 9875 8567 1210 0 9206 0 9716 1924 0 4507 0 0 0 0 0 171 0 0 7777 496 0 0 0 3236 8726 0 8590 0 0 0 7199 0 0 0 0 0 6073 0 4858 6789 2453 0 0 2762 1684 0 8014 0 
5184 0 0 0 0 143 0 0 0 0 0 2367 0 0 0 1725 1432 0 7144 1355 0 0 6119 2526 9139 0 0 0 1441 2874 2147 0 0 0 0 195 0 0 9340 9110 0 0 0 6427 0 0 5328 6773 2391 0 8173 0 0 0 0 5079 7834 8005 0 3994 0 4734 0 5674 34 0 6913 0 0 6714 6392 0 0 0 0 0 0 0 0 0 0 9168 778 2804 
8777 0 0 689 0 3447 5102 8329 7968 0 0 5656 3933 0 3403 4531 9930 4109 801 0 0 0 1975 5513 0 0 0 4882 7433 0 3107 7770 8672 1174 0 0 0 6559 3869 0 3680 9063 6302 0 5612 8415 0 7391 2823 1173 4108 4512 0 0 0 0 0 0 3753 935 0 0 7765 205 0 0 6195 1698 6725 9263 9408 0 3240 7174 9793 1445 1475 1474 9209 3096 3633 0 924 9734 
0 683 3739 0 1102 0 0 0 0 0 0 8406 2461 8040 7140 7147 7367 0 8796 8195 0 7164 4254 1843 0 9647 0 5543 8083 0 0 0 0 0 7450 1749 2986 9040 0 9052 1276 0 0 1862 0 0 0 0 0 4540 0 0 4951 0 3982 2804 0 0 0 780 0 6641 9986 1493 7276 2473 4561 2585 0 2374 0 0 4397 2975 4636 2623 0 2078 0 9174 542 0 0 0 
0 0 6691 0 7792 618 0 4861 0 0 0 0 0 0 2692 0 7639 0 5763 0 0 0 6823 0 6527 9100 0 8117 0 957 94 0 4411 7325 0 0 0 2559 0 8513 0 0 0 0 6488 2611 0 9944 0 0 7723 6265 0 9810 0 0 8286 0 0 0 0 685 0 7693 0 9574 0 0 5896 9276 4117 0 8805 1567 0 3160 0 5791 5053 5625 0 0 313 7309 
68 0 9480 0 5264 6716 0 0 0 0 4396 988 0 0 2442 5949 0 9047 0 0 0 8840 1679 1017 9393 2457 0 0 0 3437 3662 1036 0 0 6450 966 0 0 0 4204 0 0 8696 4273 0 0 0 827 437 0 7348 9966 8310 0 0 7867 1148 0 4337 6928 5550 0 0 2491 7909 0 0 6297 0 9656 0 0 0 0 0 0 6923 0 0 0 2329 0 0 0 
4074 0 4061 1586 4623 2383 4439 7935 8246 3587 0 9202 0 0 1926 9411 0 0 1820 336 0 0 0 0 2418 3705 3667 0 4711 0 0 0 2085 1031 6446 4982 1104 0 0 0 2796 0 0 8989 0 2036 985 0 0 0 2649 6529 9430 0 183 0 1975 9549 145 0 3272 9252 3626 0 5502 0 4828 0 2488 0 0 1787 0 0 9296 3762 0 0 0 3506 0 6291 0 4427 
6278 0 8820 0 8692 7320 1363 8607 0 3806 0 0 0 0 0 6510 2526 5113 0 5438 3217 0 0 9059 0 0 3868 0 0 0 0 8779 0 0 0 6121 0 0 5243 0 3365 7062 6678 5436 2419 5844 9593 4277 0 0 1668 0 1574 0 0 0 1351 0 0 0 6350 4590 0 0 6183 0 4680 0 2250 1069 0 9102 2563 3141 3555 0 494 0 0 9171 7836 0 1507 0 
0 211 0 1676 6939 0 9180 0 0 0 4644 0 0 0 4520 0 7950 0 0 1670 7535 0 3005 1207 0 594 0 0 0 0 975 5873 0 0 0 0 7127 2730 0 197 769 0 9358 0 4532 0 0 4532 0 0 0 6445 7166 956 0 6063 2878 787 0 2734 0 0 0 0 0 0 0 233 0 0 2883 0 0 0 0 1492 0 501 5906 16 0 0 0 0 
4416 0 7885 8881 2939 7381 3778 0 0 306 0 0 0 0 0 0 0 5463 1263 4190 1996 7089 0 2801 8099 1798 0 9601 2445 0 0 0 0 0 0 0 4729 2568 0 0 0 3861 0 4489 964 0 0 9410 8294 7292 0 0 8168 3988 3403 0 0 0 0 9245 0 4585 0 0 2852 0 6364 0 4740 0 1082 0 9020 0 0 4631 0 0 0 0 8370 0 0 5978 
9509 0 1936 0 0 0 1220 1233 0 0 3073 5443 0 0 9227 0 0 0 6243 0 4779 67 0 515 0 2823 0 7809 2047 0 4610 0 9816 0 5324 0 6459 0 6194 9823 0 0 8954 1861 0 272 1164 0 0 2418 0 1814 0 4893 0 7727 5572 0 0 5408 0 0 0 7079 402 564 0 9924 0 7055 1835 0 0 0 0 6011 0 0 2092 0 0 6870 0 0 
1124 0 6699 0 8321 0 0 0 1465 514 5248 0 3434 0 0 5072 0 0 0 9020 0 0 3051 0 4811 0 0 7026 0 0 7359 0 0 0 3863 0 5201 1556 4966 7192 0 2512 4761 5033 2873 5208 0 0 0 9740 1719 0 0 0 0 2243 9070 0 0 9129 6237 915 7150 0 0 0 0 100 2316 0 2264 5614 2489 3926 6263 0 0 8120 8893 0 0 9532 0 0 
3050 473 7575 0 4120 3396 0 0 0 0 4624 0 3102 3760 9923 1761 8835 0 4457 0 1383 7422 0 6663 6773 0 0 9784 0 2656 0 1174 0 0 9111 9462 2142 0 8323 0 5 0 0 675 1134 0 0 4135 9840 0 0 5688 6382 2091 0 6501 0 6261 0 0 0 9746 0 0 7682 4111 9109 0 8781 0 9467 0 0 7551 0 2376 3258 7290 3647 0 0 0 4520 0 
7883 2509 8506 8855 0 308 0 0 0 3445 0 0 9419 3245 6900 6368 0 9575 6456 6986 0 1644 0 5483 0 0 0 0 1728 5951 6550 0 0 0 3326 5494 9230 0 3325 8925 0 8428 0 5425 8382 8590 0 0 6739 0 2950 0 5091 3819 0 8759 5207 3498 4951 0 0 841 5101 1603 2094 0 6053 9574 0 9983 3946 0 0 0 88 6575 4684 0 0 5806 0 0 6163 5332 
0 0 5563 1033 118 0 0 7684 0 0 0 656 4126 1816 0 0 0 0 0 0 9942 0 2614 0 5829 0 0 0 0 5448 6263 0 0 0 0 0 0 0 0 6875 8697 0 8511 0 0 3443 0 0 2237 6038 0 0 60 0 9351 0 0 5882 0 0 0 6609 6039 0 1562 3180 2694 0 0 2089 0 0 0 3017 0 0 0 7953 0 9237 0 9639 5947 7803 
0 0 6609 0 5603 0 0 0 0 0 0 0 9504 8645 0 0 0 4719 0 7305 4764 3373 0 0 8243 8496 4151 2575 0 0 0 2176 0 4337 7775 3005 5686 7828 3160 0 7118 2379 9124 9090 0 8464 0 9518 7008 3206 0 0 0 3048 0 3488 2939 0 6079 9987 9977 7898 0 0 0 9555 0 0 1470 2458 0 3157 0 1490 5710 0 0 4736 7205 0 0 5367 1699 4448 
3526 5050 0 5647 8798 0 4541 2022 0 7566 5807 0 2652 7431 0 80 5403 9127 0 3943 0 0 0 0 0 0 5321 3642 0 0 5673 0 0 2070 8013 6253 5511 577 185 2014 0 3635 6853 0 0 7038 6244 0 7223 6314 0 0 4997 0 2530 2187 6884 0 0 0 7815 5655 0 0 0 0 0 0 0 0 2480 1505 2538 0 9299 0 0 0 7243 0 0 0 3523 2172 
4463 0 0 3613 0 0 0 4456 8689 0 0 0 0 0 2546 4959 0 8015 1051 0 5183 4551 0 0 0 0 0 4444 8477 0 4497 4327 1220 0 7574 4101 0 9038 7265 2844 3641 6283 0 0 0 7679 0 0 0 0 0 4960 9810 2377 7019 499 731 8775 7270 6165 7086 0 0 0 8607 5364 7875 1812 0 428 0 1882 4806 0 128 0 0 8503 3884 0 3724 8381 0 0 
0 0 8755 0 7259 490 0 3493 0 9408 1570 0 0 0 654 7216 5402 4170 6820 8044 4908 5350 4140 0 0 0 6112 5829 0 4201 8590 1229 6492 3759 4076 199 9626 1781 9925 5537 0 8147 0 786 9818 1589 0 5061 1053 0 8020 3265 3045 0 3096 0 4310 6473 0 0 0 7846 0 0 7916 0 0 7733 0 0 0 2126 0 0 0 0 7715 0 53 4494 0 820 0 0 
0 8430 6630 0 961 9439 7501 0 0 8911 0 0 3222 996 0 0 0 0 0 3487 0 51 4581 0 0 0 0 0 1376 0 2961 0 0 1151 0 3293 8352 7698 7012 6227 0 9261 0 0 0 328 9047 0 0 0 0 4011 0 6461 5047 2551 6243 9847 4646 0 6735 7330 0 0 0 534 0 0 4376 6956 0 5162 8513 0 841 0 325 0 0 2347 0 0 0 0 
0 5192 0 0 4684 0 0 1625 9263 0 4158 4395 0 0 0 0 7622 0 0 0 5581 2907 0 0 0 2782 0 0 0 1146 0 8041 5089 0 0 9265 4616 0 0 2266 0 431 3452 0 1759 3643 1280 1109 2402 644 9766 0 0 0 1324 0 8891 7416 1966 6345 0 4487 5204 0 8157 4204 3505 0 0 0 2888 0 6881 2952 1650 0 0 0 0 9649 0 4889 0 0 
0 8732 0 0 9675 0 0 683 0 6287 5348 0 0 0 0 2839 0 3070 0 8799 0 9231 4353 0 5888 0 1693 0 0 4844 0 0 2992 5191 8474 6694 3711 0 0 0 0 0 7167 0 5325 0 0 0 0 9277 0 0 0 0 0 0 0 9941 7908 0 8777 6379 9468 0 4058 8408 3745 0 0 0 0 1247 0 6283 0 5155 8745 0 1172 0 0 5622 7495 0 
5020 0 0 0 4930 0 8205 3775 0 0 5985 0 2792 0 6811 0 0 0 4800 0 6164 0 8811 9120 0 0 0 0 622 0 2625 9367 1886 192 0 0 0 0 8819 9610 1095 0 0 2730 9379 4260 0 0 0 0 3260 7025 0 782 0 0 3178 836 0 0 6449 0 0 0 666 7562 0 5112 0 7987 7105 0 0 0 0 3869 6015 3557 5317 0 2991 5886 0 0 
0 9546 0 0 3641 0 0 7534 7893 5463 8251 0 4034 0 0 0 0 6126 6654 0 5952 0 1578 7935 0 0 3955 0 7210 4518 0 0 0 0 0 9692 7721 1084 0 7864 0 9419 321 6591 0 0 0 0 7409 8011 0 2858 5957 0 0 8635 4095 9515 2251 1908 0 2209 0 0 7125 2864 6575 0 2592 0 118 3008 0 5278 0 0 0 0 0 454 0 3954 6884 2120 
5936 6956 0 0 0 2088 0 0 6925 5669 9054 9703 2735 0 0 2734 0 0 0 6393 277 0 6753 1359 279 8470 9004 3291 9767 2334 0 0 5276 0 774 0 7812 7225 0 827 0 7750 0 0 0 0 0 1185 4743 1158 0 3098 0 502 2003 0 0 417 0 7701 0 0 0 4058 6913 1713 4074 0 5935 834 0 3608 6972 903 603 1849 3336 0 0 2131 152 1653 0 9490 
5019 0 0 0 8406 4160 0 8273 341 7875 5741 9321 0 6635 2415 2505 0 5507 0 0 1093 4457 2926 0 916 5549 3308 4317 3160 0 0 0 0 0 0 1905 0 3019 0 7628 4251 170 0 0 2095 0 0 3546 0 2910 364 0 0 0 1349 0 0 3353 5734 3996 0 0 2662 2489 0 0 0 0 7350 9544 595 8012 2957 0 1842 0 0 0 9364 0 0 2493 0 0 
4247 0 5901 64 5469 1285 0 0 0 0 5158 706 9074 0 0 3281 4498 0 8199 7630 0 0 9144 0 0 980 7152 0 8404 0 8836 0 4194 0 4716 1000 9588 2846 0 0 0 0 0 5537 4477 0 9190 968 8385 0 0 0 9768 0 0 8789 9791 0 0 0 0 7945 0 0 0 4815 6657 0 3122 0 3172 0 0 4678 3967 0 0 0 3853 5386 0 0 1199 1830 
7277 0 0 0 8072 0 0 0 0 8610 7825 0 1926 9645 7278 3057 0 0 0 5550 6502 0 5259 0 0 0 6354 0 0 0 0 0 0 0 0 5070 855 242 1198 4266 0 1116 7312 8460 0 0 0 3309 0 6068 0 0 261 0 0 9920 5112 0 1677 9060 2818 0 0 0 0 6081 0 0 0 8240 7978 3298 0 6725 0 0 0 0 8715 1868 0 0 7756 0 
1162 9223 9439 0 0 0 0 5671 0 0 0 2780 5762 0 7350 0 0 5851 5879 8667 0 0 0 0 0 0 0 0 0 4437 5875 0 0 8741 0 0 4208 6663 1482 0 0 0 6541 0 9351 0 0 1499 821 4091 0 3405 6139 3038 596 6404 814 0 0 3656 4482 0 858 8124 831 0 906 3689 0 0 0 254 3236 0 0 0 0 0 0 0 0 0 6484 5468 
0 0 3791 0 7040 0 8931 0 0 7272 0 7351 4509 908 8050 1854 0 8400 9115 0 0 0 2557 3722 0 0 5346 9429 9817 0 0 0 5355 1311 4512 8679 0 3266 4972 7023 7667 6954 8696 0 0 0 0 0 0 1977 0 8152 0 5845 0 3734 0 0 0 5916 0 0 0 8947 0 0 0 0 793 0 8761 0 0 0 2741 129 761 0 8175 650 0 448 0 5092 
0 0 0 8231 0 9195 788 2759 0 4670 0 8666 0 3277 1617 0 4319 9354 0 297 0 9386 0 1631 0 0 0 0 4969 0 0 0 0 0 8126 0 3756 0 0 0 2160 5495 0 0 5252 0 0 4902 293 1001 0 0 0 0 0 0 9408 0 0 7627 0 0 7031 0 0 5929 0 0 0 4202 3239 0 5754 0 0 3101 4166 8631 0 9226 5300 0 5453 6439 
0 0 9708 0 7076 8234 6251 1182 2060 5324 5767 8592 4033 0 227 4281 0 0 0 1265 7399 0 0 0 0 8967 6443 0 0 0 9665 5197 0 0 1357 0 0 6556 0 2177 0 0 4292 7507 0 0 3386 9782 0 0 491 178 0 9828 330 0 1786 5259 6586 1867 8139 9823 6409 0 9792 5064 0 9883 7924 0 0 4052 0 0 7007 0 9798 0 4823 1767 0 7065 1195 6637 
4437 293 0 2201 0 0 0 3363 7705 7034 6705 0 5316 5151 4916 0 9583 1558 2266 0 8949 0 7881 0 0 2402 4904 0 654 1631 0 0 5945 8626 0 0 0 0 0 0 7938 8409 4383 7223 2734 3723 0 451 7969 3709 8341 6215 0 0 1316 0 849 3490 0 0 5206 4340 0 0 6816 0 0 0 108 0 0 3676 0 0 0 0 0 0 0 6327 2722 8300 0 4584 
0 5467 0 0 0 0 4175 3719 0 146 0 0 2876 9209 283 0 0 9966 0 8708 0 4215 0 0 3618 0 0 0 0 6759 0 0 5325 3720 0 0 4084 5896 0 0 0 1436 0 9795 3275 0 2081 0 5763 9508 2249 617 0 6575 0 2666 0 0 506 0 8471 6809 5082 9608 7542 7519 0 0 9374 1369 8890 5397 3716 0 0 4039 6172 0 0 0 0 7353 2552 8411 
139 0 8947 4293 9063 7865 0 0 0 6916 1339 0 2668 0 0 0 0 0 9383 0 2175 0 0 0 0 0 9800 0 0 2848 7185 8714 7112 0 799 2301 3031 0 0 2384 2142 0 6633 2931 0 8998 2625 0 0 0 2597 5765 0 0 0 3039 5820 0 4790 0 0 0 1746 0 3470 1023 0 625 0 6045 2472 0 9063 0 5008 0 4732 0 0 2870 0 6612 0 9484 
0 4571 0 0 1611 1713 9070 2282 8316 0 5547 0 0 6921 9745 0 1309 0 0 0 0 7370 892 0 8054 0 0 1277 9925 2265 4854 0 9998 7562 0 3926 7866 0 0 3309 2748 0 0 0 0 0 0 9284 168 3400 1630 3128 0 2672 2253 0 921 9191 0 6167 8832 0 0 8683 0 599 0 0 9941 0 0 0 0 9663 0 0 4288 6198 0 0 8819 0 0 0 
0 3406 0 5927 3470 0 0 0 7235 7558 7039 0 0 0 3027 0 0 0 9750 5298 764 0 4177 0 1554 7280 0 0 6390 0 993 0 3472 0 3692 0 0 991 0 7627 6447 0 7481 0 0 0 8296 0 1440 0 305 0 0 0 69 0 0 2233 0 0 0 0 5457 172 9363 7587 0 4159 0 0 5805 0 4609 0 1048 2748 3992 0 905 4932 0 0 0 0 
7388 7606 6072 6171 0 0 9959 0 6975 0 0 0 0 0 0 784 0 0 982 8818 365 0 0 0 9796 0 4583 0 121 0 5628 0 0 0 8196 0 0 0 0 0 0 3397 0 0 0 1402 0 7320 755 4984 0 0 0 0 5420 0 0 0 0 1845 0 8239 0 0 0 9013 5767 5286 0 0 9651 3962 4162 0 1240 0 0 4629 0 0 0 0 0 0 
0 9945 9984 2900 0 5286 3288 8647 6521 4254 0 2782 9237 8218 0 0 870 9381 0 0 0 0 8571 0 9333 0 0 9120 0 8378 7486 0 4035 8405 8706 3041 0 0 0 0 0 7283 2656 0 0 0 0 1194 0 0 0 0 0 9858 0 0 6968 0 0 4451 0 0 0 0 0 1526 3583 521 9319 4938 8465 0 5934 7641 0 0 0 3481 4144 2780 5689 4829 5503 4157 
0 4000 0 0 4954 5372 4445 0 0 0 0 2918 0 1133 9190 6490 0 3869 8011 924 0 0 0 626 0 5239 0 9109 0 0 3880 7230 8083 4045 6168 0 9575 7312 2443 0 8146 2874 0 0 0 880 0 9937 0 5841 6410 8137 9502 2279 0 9537 7668 2262 0 0 7799 0 0 8181 3352 0 8495 9990 0 0 0 0 0 6787 1413 0 0 4089 0 0 0 0 0 4496 
2922 5370 0 9718 0 5975 7169 0 7480 7420 776 0 0 0 0 0 4359 4045 7261 116 0 0 7858 1978 3214 0 1726 7749 7536 0 0 8507 0 0 1366 5541 0 0 3917 1505 0 7178 0 0 0 0 3749 0 0 0 7373 6218 1634 0 2218 3467 2138 0 7795 0 0 8269 2053 0 9027 0 0 3057 7393 0 7260 6872 7084 0 6212 0 0 6232 0 0 0 1426 0 512 
7042 0 1039 0 3974 0 814 0 0 7654 0 0 0 3628 9215 0 933 6393 2388 432 0 0 9467 4025 0 0 5651 0 9856 0 946 0 0 0 3798 0 0 10 0 0 0 0 5873 8081 0 2110 855 0 0 6278 0 1461 6290 9637 8445 2735 0 0 7571 8245 0 0 2092 0 0 3705 0 0 2597 3783 8916 0 0 7192 0 5450 7815 3182 0 1999 0 8643 0 3145 
4139 0 5393 4125 0 0 0 2646 0 4168 0 0 7105 6847 3326 1108 0 7424 0 2238 0 0 0 0 5009 963 0 6659 0 0 0 0 2881 0 5545 4402 441 3308 0 0 0 0 8812 0 4945 0 8337 1016 8339 0 9157 4443 5600 0 0 0 9567 8056 7701 5665 4403 0 0 0 4815 0 733 0 0 4780 0 1452 5619 5475 8153 0 0 1899 0 0 0 0 2110 0 
0 8565 0 0 0 7811 0 3888 9654 2171 1550 0 0 7672 0 0 9952 0 8747 7511 0 0 4513 0 0 8807 2865 0 0 0 8419 8528 7352 1542 0 3386 4240 0 9431 0 5336 2408 6250 1685 5999 6851 2828 0 0 2831 0 2290 1915 6645 0 2518 3935 0 0 0 5359 0 0 0 7389 0 0 0 0 0 9380 0 0 0 3291 0 0 6588 0 0 8505 4767 424 0 
0 0 14 9249 9044 7237 3369 0 9463 0 9193 0 1993 0 0 2329 0 0 0 0 0 0 2358 8081 4107 0 0 0 9044 0 0 1675 0 6648 5707 1624 5119 0 5410 0 1112 7110 0 0 0 9118 4561 2378 9025 0 0 0 0 0 4046 0 0 0 0 8955 0 0 872 0 8588 0 2974 7892 8853 0 6575 0 0 0 3258 3563 0 8850 0 7953 0 9262 0 6804 
1176 0 5328 3395 1276 7637 699 0 4788 2173 0 9632 0 0 0 532 3931 4708 9425 0 0 8197 9277 0 0 7590 0 9187 3758 0 3897 2799 0 0 0 0 7259 0 0 0 0 8982 4077 0 0 0 0 7841 0 0 0 5785 0 4654 9422 9673 4639 0 8649 0 0 0 0 8044 9616 4872 7170 0 0 3448 9823 0 0 6464 4188 279 8355 0 6212 0 1640 0 0 2131 
0 3867 0 0 2387 0 740 3282 4333 0 6576 8430 0 7551 0 0 0 0 0 0 0 0 7303 0 8207 4941 7738 0 0 6687 0 0 2994 2281 780 2896 0 0 0 6132 0 6980 0 0 3262 9468 5417 6630 0 0 3058 679 163 0 9285 9023 0 0 3299 7201 3809 6427 8563 5676 0 8798 2799 8351 223 0 6133 1859 0 3984 6310 0 0 5217 8464 8090 6161 8093 0 7480 
661 0 0 3153 8488 0 5977 0 6220 5534 8189 0 0 0 5673 948 0 9503 0 6345 8532 0 4000 0 0 3967 3354 0 0 6630 5857 7661 0 2891 7370 0 0 9961 0 499 0 0 8216 1490 1232 4814 6548 8610 234 471 408 9212 0 0 0 5054 0 0 0 0 0 7269 3642 8606 6175 0 0 4766 9627 8502 5153 0 0 0 2789 2465 0 0 9027 0 138 0 8014 1330 
2421 0 0 0 3823 0 0 0 8090 2143 0 3009 0 9387 9768 317 214 7292 8533 9947 0 7217 1545 8970 1358 3325 4535 0 4883 4224 0 9376 1943 0 0 0 0 8082 0 0 0 0 0 0 4762 4401 0 0 7290 3372 0 9389 9615 0 0 0 5469 7557 0 0 1256 0 4967 3433 7965 5946 6239 8149 4759 0 8336 9101 0 0 0 6167 0 7166 0 2558 0 3320 0 0 
1197 3536 0 0 9270 0 4445 4405 5448 0 0 2436 9457 0 719 1266 4723 7685 0 0 0 28 0 6323 0 8077 0 0 0 0 1788 0 0 2856 4227 0 0 0 7220 0 3708 5264 0 2867 1268 0 9869 8648 0 0 0 3743 4532 7516 9962 0 0 0 0 0 0 7882 8361 3164 0 4573 0 0 7563 5275 9216 0 3114 4926 6261 2660 957 0 0 0 9040 6557 0 451 
9906 0 0 0 1286 1223 0 0 0 0 0 7741 0 497 8489 0 0 0 2160 3577 0 0 0 5346 0 1214 0 0 5150 909 3434 0 8528 0 3003 235 3453 8874 9727 9041 3635 0 4417 0 1173 0 1508 3907 0 8317 6697 3762 0 8254 0 0 0 0 0 0 0 6736 0 7855 0 0 0 0 0 0 0 0 3496 8702 0 5631 0 1396 0 8545 0 0 0 0 
7845 6140 6426 354 0 0 1255 5123 1432 0 0 0 0 8804 6682 803 0 0 258 0 9866 7149 0 0 8767 6359 5143 6992 0 0 7665 0 0 9901 0 4472 0 7565 0 1980 0 0 7053 2291 0 0 4241 401 2530 8154 0 0 0 6744 4971 9492 0 0 0 8567 0 0 0 9172 3576 2702 0 6636 0 1499 6099 0 8290 6973 0 8477 0 0 0 0 0 6315 8325 0 
0 0 0 8051 0 0 769 3637 0 0 8615 7529 0 2502 2484 642 1152 9441 1615 0 0 1558 0 0 8739 213 9762 0 0 59 0 3937 0 0 0 8536 0 0 2149 395 0 0 3724 5031 0 804 0 1722 5471 8850 5905 2997 6899 126 7963 0 1655 5302 0 0 0 0 0 0 7709 0 5328 0 2037 0 0 5997 1324 4978 8793 8941 2266 0 9744 4037 3055 2964 8587 0 
0 5559 1642 0 0 5545 0 4507 2387 4496 0 191 0 0 2856 266 0 4593 0 2101 4173 0 0 59 0 0 6310 0 7531 3697 3887 0 6675 5958 0 6852 7847 2967 0 0 0 0 5425 0 0 4891 4 1095 0 6015 0 0 0 0 1228 1544 0 0 0 0 0 2679 8631 0 0 0 6686 2618 0 8433 6541 5210 0 0 0 0 0 0 0 0 5347 0 0 7642 
0 8341 0 0 0 1483 0 0 5029 0 0 0 4696 0 8793 4782 9908 0 5339 9667 0 6945 0 2720 4492 0 0 658 0 7877 6955 0 0 519 6029 7754 698 5760 0 0 0 1018 2453 1352 0 0 0 0 0 4021 0 0 0 9663 0 7278 9730 1046 1075 5700 0 0 0 2990 0 0 3045 0 777 0 0 476 9654 0 0 7127 4730 0 0 0 0 0 0 5554 
0 0 7327 0 0 0 0 0 8504 865 6565 0 8958 0 5652 0 1586 264 0 0 2361 5203 7671 2463 6104 8558 4379 4110 6368 5592 7788 0 2497 948 9576 9410 4429 6149 0 0 0 7490 8097 0 3243 0 2528 0 0 2676 9393 4166 8327 0 0 0 0 0 0 6604 1077 0 0 7863 8838 450 0 8504 9979 0 4309 0 1248 0 224 6879 0 6273 3435 0 5285 0 0 9395 
0 0 0 0 3955 4381 0 0 8949 1183 244 1663 8057 0 0 5137 0 0 3927 0 0 4061 8580 4697 957 0 1510 6000 0 2923 0 0 1018 0 5050 0 3309 0 7215 7422 0 0 4522 0 4987 0 0 4361 0 5949 0 9793 0 8278 0 1621 0 5322 0 1140 0 0 5278 0 1969 0 9996 6220 1114 0 0 0 0 0 1272 2895 0 4729 1067 767 4975 0 885 2640 
0 1621 0 0 6240 0 0 0 0 630 0 0 0 0 0 3684 0 0 0 0 0 0 0 1152 1803 0 5640 0 0 0 8444 7455 7561 1202 0 0 0 0 0 0 638 3579 0 4528 1158 8396 9771 3893 2334 4276 8753 0 0 0 2079 1600 0 3280 0 4642 5727 6776 9460 0 0 1870 0 3733 7376 5566 0 9698 1518 0 2085 0 5062 0 9714 485 1685 0 0 1797 
0 0 0 3750 0 1209 0 9198 8447 4759 6249 7679 0 3016 8332 0 5364 6757 4581 0 0 4097 0 0 8958 0 6853 0 0 1953 2479 0 0 0 0 0 0 0 8531 0 0 0 9030 1004 0 0 460 0 2498 0 0 0 2983 1425 8502 8776 0 298 2969 0 3074 9816 0 0 0 0 0 0 0 5428 0 8665 3315 0 1915 0 0 3603 6317 0 179 0 4171 0 
3033 0 0 0 1413 0 0 3221 8470 2624 5392 1021 0 0 6733 1004 0 0 7638 1398 0 0 0 3020 0 2927 2039 0 0 0 0 8867 1722 1255 0 0 0 3456 3865 6916 5434 0 8643 0 0 9783 0 0 5232 6149 4939 0 0 313 0 3951 0 0 9655 0 7573 8115 0 0 0 0 0 0 2194 530 8762 0 0 4890 0 8654 7719 0 0 706 6290 0 9138 0 
0 4450 9856 0 1767 9752 153 299 1552 0 0 0 0 0 1293 0 6707 253 0 0 466 7475 9617 0 0 5551 3862 3691 0 6857 5594 0 4938 0 0 0 0 0 6591 7224 9706 6404 9784 7999 0 0 7442 0 0 0 0 0 0 0 3651 0 0 0 6961 0 9458 0 5464 7315 0 1981 0 0 0 0 0 2413 5285 0 0 9788 0 0 5929 0 0 5406 0 0 
0 0 3430 4040 0 4738 0 1721 3159 3874 0 0 2595 1622 8594 9120 7539 0 0 0 3957 0 8994 7966 0 5904 8964 0 0 9050 0 0 0 0 4265 386 0 442 0 6358 9849 4172 3287 0 0 4377 5024 0 0 4679 0 0 2727 9303 8904 350 0 231 4916 8010 6232 2247 0 7301 0 0 0 5481 0 2229 0 2152 0 0 2160 0 0 8503 8270 1244 0 1986 0 0 
1190 0 53 0 5548 2656 0 0 5914 0 5609 0 0 3201 0 2135 0 0 0 0 2362 0 7131 8504 7588 9191 0 0 826 0 8558 0 0 0 0 8552 4879 9587 0 0 0 0 6927 8773 0 5481 0 4363 0 6243 0 0 0 6595 0 0 0 0 5666 0 5775 6060 0 6160 9980 1978 4347 4130 0 0 0 4682 20 0 8525 0 954 0 0 3609 0 1519 5289 0 
5011 2195 0 8139 4275 0 0 9571 0 6532 4860 2307 0 9396 2350 1578 5859 0 0 0 3216 0 4072 4496 0 1436 642 1947 0 4378 7988 0 861 1223 9997 1960 5395 0 0 9829 0 8294 0 0 0 0 0 0 8957 0 2289 0 5622 699 7400 0 8824 0 0 0 552 3699 0 6494 0 1870 4293 9683 0 0 0 0 0 0 8046 0 191 4564 8683 2315 9849 6018 1022 8777 
4486 0 8060 0 0 7553 3287 0 0 2820 1762 3187 728 0 3581 0 9114 0 0 7419 8401 0 7938 3111 9642 0 0 1818 172 8521 0 0 0 0 8356 908 865 3111 1184 7551 2286 0 1235 5156 368 4559 6583 0 6584 976 0 6307 4985 0 0 4973 7336 9239 0 0 0 0 0 1549 56 0 7363 8254 0 2798 4032 0 0 4231 935 0 0 7830 0 7816 2948 4864 3419 3944 
3065 3407 7635 4095 0 0 0 0 0 8266 0 9252 0 3029 9984 0 439 0 1084 0 0 3287 3358 1794 0 0 2065 0 0 0 7650 0 4710 0 0 0 6671 0 3331 0 7126 0 0 9368 9095 0 0 0 5534 5799 0 0 8447 0 0 0 3573 0 6581 9680 0 9120 0 0 0 3818 0 0 0 0 0 0 0 0 6895 4242 7458 6146 1291 8284 2022 5189 0 0 
8480 8384 0 0 845 5312 2623 1799 0 7363 0 945 0 0 9987 0 0 8043 0 0 801 0 0 0 8166 7035 2459 2352 0 2458 7670 8389 4151 0 0 703 0 0 2328 8639 0 0 0 3458 5137 0 5775 5694 0 2810 8025 0 0 4889 0 0 9296 1118 3617 4442 0 4676 4740 5422 0 0 0 0 0 0 8896 754 0 0 5618 0 6828 0 0 0 9615 9794 6314 5702 
9981 2992 1795 0 0 0 0 0 0 0 8981 7471 0 2330 6806 0 0 6774 0 0 4434 9055 3436 0 0 0 0 5583 6497 0 9670 2267 65 3264 0 0 0 0 0 560 0 4862 705 4276 0 0 0 0 3279 0 5790 3761 0 858 0 0 0 0 0 1535 748 0 0 0 4529 1180 0 4144 0 5390 0 0 0 8187 0 0 0 2339 0 4169 0 0 0 6068 
0 338 4303 9367 0 0 3656 0 6633 8486 0 8418 8542 4330 5603 9153 3986 0 7080 0 4070 0 0 9180 0 1921 0 5378 8911 0 0 0 2615 3070 0 3533 0 4174 6323 8802 8626 3345 0 0 0 0 2208 2445 3479 1686 0 4789 5576 511 0 0 0 9533 3354 2379 8231 0 3800 0 0 0 0 5597 9296 664 0 7179 1845 8887 7111 0 9893 4387 0 0 0 0 761 0 
0 2438 0 5420 0 5185 0 0 5411 0 7462 8689 3863 0 691 0 0 922 0 0 1979 5717 0 0 0 0 2605 0 9266 0 4249 0 8940 0 0 0 0 3729 4441 2063 8630 0 0 5452 0 0 0 0 0 0 8497 670 8671 0 0 0 0 0 0 0 780 0 0 0 0 0 0 5041 1407 0 3534 645 9878 4041 0 5851 0 6514 0 5109 0 0 0 0 
2447 0 5951 0 0 3059 0 9714 0 3079 9619 0 0 0 7541 0 9196 5545 0 5187 2887 7493 8566 0 0 0 9494 0 0 0 7073 0 7971 0 0 0 1615 0 0 4373 6795 6043 0 1908 0 0 3212 0 0 5267 8571 0 0 0 0 0 0 0 9204 79 1898 1951 0 3715 3611 0 0 3514 0 0 0 0 6208 0 0 0 6436 0 8860 6328 0 3963 8798 0 
7479 0 0 5724 0 5016 650 5481 0 0 0 0 0 0 0 0 0 0 5085 8319 0 5984 0 98 8676 0 0 0 2703 0 0 0 1272 9875 0 4348 0 0 0 4504 9764 4855 0 0 5661 0 0 7474 0 4820 0 5519 9962 0 0 0 0 0 5689 0 0 0 6931 8327 4401 2164 2646 3903 2969 7336 1766 0 0 1850 0 4996 0 2890 0 0 0 0 0 0 
0 0 0 0 0 0 0 0 7244 0 0 0 344 0 6767 0 0 1495 3530 6542 3809 0 0 9359 2592 3137 8670 0 0 0 0 0 0 6532 3271 0 9091 0 0 0 6941 0 7750 2011 0 3119 7649 0 4357 0 0 613 0 0 8706 0 0 8964 3414 8408 0 0 2776 7883 0 1385 0 7226 5111 0 2189 3098 0 0 9260 0 0 4172 3094 0 0 0 0 0 
0 1871 5698 4147 8312 0 172 0 0 0 0 5190 0 0 0 9427 7520 2719 9921 6810 0 0 0 0 4305 9761 0 8072 0 0 0 1670 0 5970 0 7241 0 0 720 6569 0 0 5949 0 4543 152 0 0 0 0 3483 0 0 1193 5957 0 9131 0 0 2344 0 4643 2708 0 8094 0 7255 0 9214 0 0 3208 3182 3275 0 0 7471 0 1168 0 0 0 4869 0 
3692 0 0 0 5557 9945 0 6902 2997 6489 7548 2717 8312 5938 0 342 6436 0 0 7189 447 6884 161 0 0 2310 1599 1238 3813 0 4024 4496 0 58 0 0 5260 5910 0 2488 0 0 0 0 0 0 0 3846 2884 0 0 9104 0 8982 2429 0 0 7453 0 0 3357 8411 3452 0 1140 7989 5187 0 0 1555 3705 0 3442 7776 7764 8559 42 0 0 1349 5953 0 8341 9302 
0 6620 0 4902 4498 2628 5588 0 7510 1080 6645 3995 0 3919 0 3217 7515 0 0 0 0 0 6912 0 9883 5187 6259 0 2157 0 0 3351 1776 0 1465 0 9871 9627 6898 1415 0 3497 0 0 9295 2994 0 0 3455 0 5982 0 0 8188 8203 0 0 1683 9157 2523 5649 3616 9953 1444 0 0 0 7412 0 7429 2106 1021 0 613 0 1865 0 0 0 0 5733 9088 0 0 
4118 0 3310 0 0 0 0 1940 0 208 0 90 0 7970 6615 0 0 0 4040 0 2125 0 0 8509 6632 3301 2520 907 5623 0 0 8146 0 0 947 4050 0 6471 410 0 9015 0 1125 0 0 0 1057 0 9854 8548 3570 8890 2166 0 0 1112 0 0 0 42 3295 0 0 0 9880 6506 8109 0 1888 4970 4774 0 6170 0 0 0 415 8862 2817 0 0 1004 6611 0 
