0 0 957 9975 0 0 0 9775 7006 4114 6194 7930 1619 1184 4144 3780 4840 4201 1510 2615 0 7486 4299 0 0 6980 4016 6949 372 0 1034 4973 0 0 9115 7054 7591 0 7609 7261 4842 0 0 
0 0 9635 5002 5080 6010 5524 8085 4718 9454 7520 9821 3691 5542 886 0 6823 2655 0 9231 4272 4394 22 9995 0 8867 714 7546 7752 40 6628 7366 9474 7404 7314 9559 835 8336 9758 9752 18 3048 6439 
957 9635 0 5263 7738 7843 4121 8883 0 3694 0 8917 8244 8960 6146 0 5183 1127 2726 8718 0 4864 6245 9013 7569 8821 9351 8879 2228 9159 0 5571 5144 1316 0 4890 0 2518 8730 1426 5216 7025 3876 
9975 5002 5263 0 0 0 285 8298 6738 2760 4411 6899 0 6319 0 7398 0 975 5622 2981 2265 1607 6325 837 9924 4478 1300 0 9270 2479 3014 5663 0 4151 9011 5591 1878 6574 1252 482 5369 5566 4542 
0 5080 7738 0 0 3339 1422 76 1746 8484 1022 1518 6459 4781 0 0 0 123 3642 7759 9247 2677 4220 2148 7594 7127 0 0 3451 8498 1866 7378 1843 4464 7578 692 0 0 3993 3500 4362 7848 2573 
0 6010 7843 0 3339 0 8466 510 0 9452 7854 1796 3785 0 5380 0 8734 4034 7290 8373 6896 8385 6233 9777 3373 9709 6260 0 2438 5723 5545 0 0 337 3906 2102 0 2409 0 8885 6831 0 0 
0 5524 4121 285 1422 8466 0 5551 5049 9941 0 125 2249 0 0 0 8672 0 1379 6416 9394 0 8716 6466 0 1670 0 8605 8006 4615 8199 7707 0 8211 0 5093 5731 897 0 1858 0 0 7126 
9775 8085 8883 8298 76 510 5551 0 3029 3793 4373 248 1660 0 7386 8124 1999 6483 9011 0 0 2637 7311 6463 5722 0 6350 9706 0 0 4378 5373 1953 0 6541 5911 0 0 6985 0 8727 9786 7901 
7006 4718 0 6738 1746 0 5049 3029 0 9250 0 0 0 2666 5529 1102 0 2589 0 0 6083 7211 0 2765 5466 0 5224 0 6612 1294 1662 8269 9716 0 9727 4579 5312 7045 6167 0 2235 0 0 
4114 9454 3694 2760 8484 9452 9941 3793 9250 0 0 0 3374 7530 8720 3539 9778 3477 9120 0 8009 0 0 9054 9817 2911 0 0 8422 0 4555 7424 4294 7043 9609 9764 4561 3813 0 9981 9674 4687 4311 
6194 7520 0 4411 1022 7854 0 4373 0 0 0 378 0 3518 0 8613 0 0 0 9993 6192 0 8587 0 1710 0 7698 4462 0 7619 0 190 4478 0 2289 3214 9283 7644 0 9243 2159 8103 8374 
7930 9821 8917 6899 1518 1796 125 248 0 0 378 0 6177 2425 667 5687 4597 9357 3388 4597 597 0 0 0 4417 8237 3533 0 2053 0 9104 0 8712 5350 2748 5098 4666 0 0 0 344 9986 0 
1619 3691 8244 0 6459 3785 2249 1660 0 3374 0 6177 0 0 6277 9873 8919 1870 0 159 78 5092 4591 0 9525 0 0 0 8277 8657 9828 4537 7821 7637 8793 9452 7251 1936 7599 6846 2343 0 8918 
1184 5542 8960 6319 4781 0 0 0 2666 7530 3518 2425 0 0 0 6431 1703 5126 8802 9373 0 0 0 2079 0 3472 0 2783 2918 6488 9911 3380 4471 0 0 8955 0 1938 0 0 9621 0 0 
4144 886 6146 0 0 5380 0 7386 5529 8720 0 667 6277 0 0 0 8662 0 9303 0 3919 4301 2886 0 5603 9922 2029 9759 5860 568 6261 0 0 1122 0 0 3033 4593 5887 0 2279 5701 4670 
3780 0 0 7398 0 0 0 8124 1102 3539 8613 5687 9873 6431 0 0 5796 0 0 548 0 999 556 0 6785 0 7782 4188 0 0 7522 5838 1990 9087 6163 52 0 7067 6520 3428 2291 5251 8756 
4840 6823 5183 0 0 8734 8672 1999 0 9778 0 4597 8919 1703 8662 5796 0 5997 6177 0 0 4663 6542 8357 0 9003 6236 4747 3512 6647 2327 0 4490 2068 1156 9564 0 0 9991 0 7797 9898 2562 
4201 2655 1127 975 123 4034 0 6483 2589 3477 0 9357 1870 5126 0 0 5997 0 0 2225 0 2542 0 674 6262 7945 4975 8057 0 3258 6909 4824 9238 0 9574 8578 1730 0 0 6482 0 2730 8121 
1510 0 2726 5622 3642 7290 1379 9011 0 9120 0 3388 0 8802 9303 0 6177 0 0 7869 5394 5027 0 4211 0 0 0 9521 9144 0 5030 0 5380 0 9789 9424 0 0 7959 6980 8772 9638 0 
2615 9231 8718 2981 7759 8373 6416 0 0 0 9993 4597 159 9373 0 548 0 2225 7869 0 0 0 0 8593 2278 0 7496 0 9356 7280 3654 2667 0 7089 0 3710 0 9342 6565 1011 8532 3129 3098 
0 4272 0 2265 9247 6896 9394 0 6083 8009 6192 597 78 0 3919 0 0 0 5394 0 0 9566 9057 4007 6517 4169 594 7705 3113 8366 2494 1691 0 4368 0 5355 9745 9713 0 6059 2908 6675 1835 
7486 4394 4864 1607 2677 8385 0 2637 7211 0 0 0 5092 0 4301 999 4663 2542 5027 0 9566 0 2435 7440 4414 0 8856 9464 4834 0 0 0 0 8225 2598 5750 1546 3595 7531 8205 4799 4024 3887 
4299 22 6245 6325 4220 6233 8716 7311 0 0 8587 0 4591 0 2886 556 6542 0 0 0 9057 2435 0 0 6880 9307 0 8859 5334 0 0 1246 3454 7226 6114 14 0 4483 828 3314 0 2806 5832 
0 9995 9013 837 2148 9777 6466 6463 2765 9054 0 0 0 2079 0 0 8357 674 4211 8593 4007 7440 0 0 3088 9773 7167 1643 2862 2707 4738 1186 6916 3068 9480 9544 0 0 1513 6134 8029 8641 0 
0 0 7569 9924 7594 3373 0 5722 5466 9817 1710 4417 9525 0 5603 6785 0 6262 0 2278 6517 4414 6880 3088 0 4532 8279 7231 7545 0 2763 4562 4760 0 0 4475 0 0 9442 0 9092 4991 9809 
6980 8867 8821 4478 7127 9709 1670 0 0 2911 0 8237 0 3472 9922 0 9003 7945 0 0 4169 0 9307 9773 4532 0 8537 6706 1664 6589 8910 7027 0 2593 0 7185 3366 7707 0 6278 0 0 7427 
4016 714 9351 1300 0 6260 0 6350 5224 0 7698 3533 0 0 2029 7782 6236 4975 0 7496 594 8856 0 7167 8279 8537 0 4874 0 7200 0 6718 9378 4497 2131 0 5852 5799 7400 8996 7044 0 2850 
6949 7546 8879 0 0 0 8605 9706 0 0 4462 0 0 2783 9759 4188 4747 8057 9521 0 7705 9464 8859 1643 7231 6706 4874 0 4751 0 7021 1208 7345 1575 8468 8424 9374 8849 429 2584 0 3767 1501 
372 7752 2228 9270 3451 2438 8006 0 6612 8422 0 2053 8277 2918 5860 0 3512 0 9144 9356 3113 4834 5334 2862 7545 1664 0 4751 0 7677 3344 8915 5116 4748 7541 993 7652 4327 4924 0 0 8876 0 
0 40 9159 2479 8498 5723 4615 0 1294 0 7619 0 8657 6488 568 0 6647 3258 0 7280 8366 0 0 2707 0 6589 7200 0 7677 0 6064 0 5489 2373 6666 8679 4702 9608 6566 5883 1172 0 6564 
1034 6628 0 3014 1866 5545 8199 4378 1662 4555 0 9104 9828 9911 6261 7522 2327 6909 5030 3654 2494 0 0 4738 2763 8910 0 7021 3344 6064 0 3818 9962 9051 0 6847 0 6626 9579 9250 4958 7634 0 
4973 7366 5571 5663 7378 0 7707 5373 8269 7424 190 0 4537 3380 0 5838 0 4824 0 2667 1691 0 1246 1186 4562 7027 6718 1208 8915 0 3818 0 9116 6554 9687 9718 0 2223 9511 7504 3715 7586 4516 
0 9474 5144 0 1843 0 0 1953 9716 4294 4478 8712 7821 4471 0 1990 4490 9238 5380 0 0 0 3454 6916 4760 0 9378 7345 5116 5489 9962 9116 0 3261 8601 5149 1160 8371 8345 1826 4825 4948 8722 
0 7404 1316 4151 4464 337 8211 0 0 7043 0 5350 7637 0 1122 9087 2068 0 0 7089 4368 8225 7226 3068 0 2593 4497 1575 4748 2373 9051 6554 3261 0 0 8446 4320 5554 1190 8845 6898 8607 882 
9115 7314 0 9011 7578 3906 0 6541 9727 9609 2289 2748 8793 0 0 6163 1156 9574 9789 0 0 2598 6114 9480 0 0 2131 8468 7541 6666 0 9687 8601 0 0 0 7133 3528 1379 6913 8314 5755 3319 
7054 9559 4890 5591 692 2102 5093 5911 4579 9764 3214 5098 9452 8955 0 52 9564 8578 9424 3710 5355 5750 14 9544 4475 7185 0 8424 993 8679 6847 9718 5149 8446 0 0 0 6346 2142 7821 3651 6309 2813 
7591 835 0 1878 0 0 5731 0 5312 4561 9283 4666 7251 0 3033 0 0 1730 0 0 9745 1546 0 0 0 3366 5852 9374 7652 4702 0 0 1160 4320 7133 0 0 7636 4655 1950 0 7449 8231 
0 8336 2518 6574 0 2409 897 0 7045 3813 7644 0 1936 1938 4593 7067 0 0 0 9342 9713 3595 4483 0 0 7707 5799 8849 4327 9608 6626 2223 8371 5554 3528 6346 7636 0 9676 2726 0 8755 6846 
7609 9758 8730 1252 3993 0 0 6985 6167 0 0 0 7599 0 5887 6520 9991 0 7959 6565 0 7531 828 1513 9442 0 7400 429 4924 6566 9579 9511 8345 1190 1379 2142 4655 9676 0 8651 8318 0 0 
7261 9752 1426 482 3500 8885 1858 0 0 9981 9243 0 6846 0 0 3428 0 6482 6980 1011 6059 8205 3314 6134 0 6278 8996 2584 0 5883 9250 7504 1826 8845 6913 7821 1950 2726 8651 0 4727 0 5626 
4842 18 5216 5369 4362 6831 0 8727 2235 9674 2159 344 2343 9621 2279 2291 7797 0 8772 8532 2908 4799 0 8029 9092 0 7044 0 0 1172 4958 3715 4825 6898 8314 3651 0 0 8318 4727 0 0 0 
0 3048 7025 5566 7848 0 0 9786 0 4687 8103 9986 0 0 5701 5251 9898 2730 9638 3129 6675 4024 2806 8641 4991 0 0 3767 8876 0 7634 7586 4948 8607 5755 6309 7449 8755 0 0 0 0 0 
0 6439 3876 4542 2573 0 7126 7901 0 4311 8374 0 8918 0 4670 8756 2562 8121 0 3098 1835 3887 5832 0 9809 7427 2850 1501 0 6564 0 4516 8722 882 3319 2813 8231 6846 0 5626 0 0 0 
