0 0 0 0 0 3440 0 4758 0 0 0 0 0 8090 4055 8962 0 7508 3309 0 0 0 0 0 3480 4909 0 0 0 4486 0 0 6478 0 9406 0 2651 7307 4717 3498 0 0 0 9189 8457 4580 3985 838 9744 1097 0 0 0 0 5270 0 9653 2259 0 3925 9995 0 0 0 5454 9340 0 0 0 4162 9252 2287 0 0 0 771 0 0 0 0 0 6401 0 0 6230 
4007 0 0 0 0 4381 0 4774 0 0 0 7807 3343 9906 8160 7584 0 7881 6131 0 9419 5594 8852 0 9168 7496 9085 0 1411 5507 0 0 0 235 117 2400 906 3108 9599 0 0 5888 0 9261 0 0 4287 0 2414 0 0 8869 970 0 1195 5536 1903 0 0 0 0 0 6844 9601 4360 3177 0 0 2057 0 1850 0 0 0 0 5241 2372 8790 9463 0 2541 435 0 0 0 
0 2923 0 0 0 1917 0 0 0 0 0 0 0 0 0 0 2511 0 3398 3920 0 0 0 0 9586 0 7313 2057 4420 0 0 0 0 5080 9189 1759 0 0 7453 0 2563 6239 3583 0 301 6902 6640 9193 3289 0 3037 0 5704 2406 2201 0 0 6841 0 4215 816 3816 3893 0 0 0 6081 0 8698 8243 0 5665 0 643 0 7554 0 9382 0 0 7875 3443 6062 0 0 
3720 962 0 0 9815 5446 0 201 6240 0 7634 1009 9416 0 0 0 0 0 3190 4819 0 2215 0 857 1345 5974 3203 0 0 0 0 0 120 3722 6136 3793 0 1433 0 8985 0 0 4804 910 0 3008 0 0 0 0 1 0 1616 6328 4613 0 4785 0 0 1463 0 886 4762 0 9547 9578 7308 0 8620 352 6560 0 826 677 3376 3754 5614 0 567 0 8743 0 0 2824 0 
9704 5082 0 0 0 0 2647 7163 0 4858 0 0 9830 0 0 0 0 7116 9269 3566 0 0 666 5483 0 6975 7453 0 0 8759 8791 9469 2904 0 0 0 0 0 0 0 9951 0 1319 0 9411 7164 0 6758 0 3290 2503 2021 0 0 9209 2398 0 7298 9797 0 1370 5989 0 0 9613 0 8961 0 0 0 4432 0 346 0 0 0 0 0 4125 7753 8249 0 8835 6777 9492 
0 0 9940 0 8688 0 6763 0 961 0 0 9130 1549 438 0 0 0 1813 4654 0 0 3857 0 4169 0 0 7478 8489 0 0 6786 2047 0 0 0 0 0 0 2752 748 0 7581 0 0 0 0 5634 0 7710 0 0 6529 1169 3288 0 6906 5971 0 2879 7500 0 0 6363 6987 748 0 6391 3488 3549 335 8013 0 0 0 8486 0 3266 0 0 4139 5159 0 8862 0 0 
0 0 0 0 6882 0 0 0 14 0 0 6222 5748 0 0 0 7578 3727 3939 0 0 8998 326 1581 0 9371 7617 0 5399 9347 0 0 1166 0 2898 5873 7957 801 0 6248 0 3985 8725 0 6271 834 4745 0 0 9656 9063 0 6403 9136 0 9479 2350 0 3442 902 1793 3086 4732 0 4207 178 8199 0 0 8817 0 8785 4449 3038 0 0 8180 8051 1 0 0 0 0 0 0 
0 6206 6864 0 715 0 0 0 6609 0 3508 351 4780 0 9610 5906 0 6877 8883 0 9958 4390 0 4641 0 2351 4274 0 8827 7096 2323 0 0 6750 0 0 0 3390 1751 0 5815 0 0 0 2996 5170 3146 0 9211 0 0 0 7169 5508 2799 2269 0 0 8435 0 0 4469 7161 0 6042 0 0 7894 4094 3857 0 7127 0 5347 7563 3338 0 0 0 897 1508 0 0 6288 6290 
2724 7887 2275 3204 0 0 0 0 0 0 257 0 5966 0 0 0 4726 8682 0 5852 4439 4061 2110 9409 5115 5382 4402 7870 3128 7305 0 0 0 0 0 3776 0 0 6270 0 6967 0 0 0 3985 6162 0 9825 0 0 0 0 0 4418 0 0 0 3676 9956 0 8032 8301 4099 0 0 0 1086 9425 0 0 0 0 6843 0 0 6766 7544 0 5632 0 0 0 7862 0 0 
8575 0 8498 0 6889 697 0 5340 4803 0 0 0 2970 9287 6154 0 1396 0 7771 6586 0 4942 5575 0 1711 6886 0 0 0 2215 0 0 8201 6107 0 0 5613 3287 3998 2480 0 5059 0 5393 3910 1586 3867 3336 685 0 2989 0 0 4658 5186 4450 5105 491 0 7912 0 1444 0 4012 0 0 8876 3520 0 2177 0 4736 4042 1860 7156 0 9970 0 0 0 0 525 0 9627 3254 
0 4572 9516 8719 6335 7611 0 0 9802 0 0 0 4234 1541 0 0 1021 468 0 5228 9082 9762 6567 0 0 0 3313 0 0 9716 6435 8049 5835 627 0 0 5184 0 0 0 1624 0 0 5820 7680 7156 0 0 0 0 0 0 1619 9444 594 0 1823 0 632 7569 8939 0 8404 0 1486 0 1495 0 0 1616 4447 1930 1652 0 3082 923 5564 0 0 2440 8376 0 0 8899 1858 
1391 980 0 9249 0 0 0 2943 4104 7718 2917 0 9003 9382 0 0 0 0 0 9447 0 2615 5596 2652 0 0 0 0 5831 0 33 0 2522 0 0 0 1292 0 8214 0 7093 0 0 9458 1976 2361 0 8260 2323 0 0 3977 0 502 8852 0 0 0 7657 0 4038 7904 2019 281 120 9960 6844 0 0 0 0 8065 0 0 9784 2871 311 0 0 2316 0 7210 0 8939 2312 
4268 0 0 0 0 1743 0 5753 2737 6524 9114 0 0 9608 0 9723 9150 8239 9554 6579 0 6131 0 0 0 0 0 5433 0 1192 516 1152 0 4899 0 9012 6854 0 5879 0 0 0 8774 2171 0 1117 9441 5517 6664 7653 0 0 0 2187 1249 0 5114 0 4031 3746 8455 267 0 9665 5488 9061 0 0 0 6375 0 3926 9114 0 0 9378 8245 0 269 0 0 4471 0 0 0 
0 6273 0 39 581 447 0 9954 0 6284 0 0 0 0 3458 0 0 0 8778 0 1880 0 0 0 0 4858 0 8120 623 0 269 0 8629 0 6384 0 4760 0 0 0 2582 9377 0 2217 0 0 6325 0 0 0 0 3536 0 0 0 4866 0 0 5792 0 8490 0 3548 0 0 0 0 0 0 8437 1041 0 0 0 9578 0 6500 6273 0 0 0 7538 9578 7914 8746 
1881 0 2689 0 0 0 0 0 8408 9262 3992 0 7309 8331 0 0 6611 8409 0 0 0 4950 0 8330 0 0 0 377 6489 0 0 3184 0 7954 5480 33 0 4939 0 0 0 0 7141 3119 0 9875 9030 5563 7121 0 2310 0 0 0 0 0 0 9600 0 5697 0 0 0 7153 0 8110 6072 0 8036 49 0 0 7168 0 1875 6011 6247 8172 8734 0 7634 3661 0 2008 6568 
8877 0 4258 0 0 6069 6781 9572 5709 6728 7410 0 0 0 9686 0 2402 0 0 4249 1040 4989 0 5669 625 9770 0 2865 3275 0 0 0 8413 8215 0 4441 8419 6012 0 0 0 1210 1169 5342 1589 0 1845 3247 0 3019 0 0 0 9341 0 9528 0 0 0 0 0 0 9058 7012 1371 3175 9232 0 0 1215 0 0 0 2267 289 8260 0 0 3454 0 9672 0 0 3652 0 
0 0 3746 0 5377 0 2721 2895 1013 0 0 0 3352 1437 0 0 0 0 1349 7729 1564 5879 0 7500 507 561 0 0 4043 1306 3898 8561 0 0 9381 0 0 9538 2676 0 5145 9804 0 0 0 0 2995 7044 2821 7253 0 0 0 0 2721 0 7412 0 6195 2578 3002 0 0 0 7194 0 0 770 7445 4239 0 0 0 0 1606 9437 0 8067 0 0 8734 0 0 0 5807 
0 0 4716 8771 0 5135 9844 549 0 0 0 0 8452 0 0 9579 956 0 0 0 0 6412 4737 0 0 1966 0 4423 0 9764 0 0 0 7697 7458 0 0 0 7703 684 0 0 0 0 0 0 0 1390 1194 0 2268 3426 7815 9477 6005 0 558 0 7190 371 0 0 0 8342 0 0 0 0 9607 5059 2509 7051 0 0 419 0 0 4044 0 1103 5584 5319 7608 0 2774 
5307 0 0 9236 1870 0 4497 9989 8659 9479 0 0 4772 2401 2832 2534 4141 0 0 2597 0 8458 3668 0 0 5446 0 0 2549 0 8075 4030 0 0 7277 0 1123 4126 0 0 8321 0 0 3538 2362 0 0 3074 0 0 0 0 0 0 2181 672 0 1759 4670 1983 2593 7537 4936 4009 1087 0 0 0 5730 7818 6197 0 7708 4583 7938 9396 0 3723 9827 2566 2422 0 1575 3179 0 
2387 2043 2570 0 8822 2642 5753 0 5355 0 0 0 0 9213 0 5981 0 0 2669 0 0 0 8682 5438 0 5712 2585 9404 0 5949 0 0 7289 6422 0 0 0 1969 0 0 0 0 6805 532 6095 0 4765 0 0 0 8988 1046 0 0 8974 9840 0 7466 0 6718 0 8769 0 0 4980 569 5328 4836 0 9335 0 5230 0 6876 6619 0 0 0 3505 5582 1493 9036 0 6238 0 
8212 0 9393 6142 439 0 0 0 0 1605 6902 0 0 0 0 0 99 0 181 2312 0 0 4071 1989 4645 0 7708 0 934 0 0 0 0 3842 635 5880 4439 0 1193 8894 0 4773 128 6372 0 0 1618 7631 0 1309 0 0 0 0 9542 0 4161 0 1256 4710 0 8096 0 0 0 0 0 0 947 0 0 6844 1782 0 0 3446 0 0 0 0 6967 281 0 0 6470 
8300 0 0 0 0 7832 7770 0 0 2319 0 0 0 0 8518 0 0 7517 6797 0 0 0 7429 0 0 2651 5300 6397 0 0 0 4181 3057 5351 0 0 0 887 0 6637 0 0 0 651 7893 8922 3470 0 2732 2031 0 2492 5078 0 0 0 0 6477 0 503 6037 0 0 4096 0 8854 2646 0 0 0 0 1973 9877 2916 1640 7831 0 0 0 0 0 7660 0 0 0 
0 0 4075 0 7811 0 4350 0 7346 0 4364 9753 753 5196 0 0 7016 7724 0 0 8723 0 0 877 0 2124 6146 0 0 3202 0 8414 3111 4002 0 450 0 0 0 8737 2661 0 0 0 0 9078 7179 0 0 8239 0 6535 1448 6282 6297 8499 0 5235 7348 0 724 0 0 9272 0 859 0 0 0 0 0 5070 8956 0 1302 0 5707 0 2958 0 9728 8403 0 2472 0 
0 5962 6653 0 0 75 0 0 0 0 0 1182 0 2782 0 6155 0 0 3048 9514 0 0 1697 0 0 6466 7360 2084 0 2622 1046 6856 0 0 7163 9746 0 0 0 654 0 0 3509 1880 0 8111 0 8152 2534 6480 0 0 8446 0 0 0 5269 8754 2956 0 2044 3227 0 3581 6731 0 9245 0 0 0 9517 0 0 0 5979 0 8975 1920 700 6077 4070 0 2777 2778 0 
0 0 0 3732 8406 0 0 0 0 0 3118 0 0 7423 3057 0 0 6489 239 7293 8176 0 0 3727 0 1059 756 0 0 0 8273 0 5637 0 0 2667 0 0 8396 9009 0 294 9153 0 4981 2912 2423 0 0 0 0 0 8932 0 6114 966 0 0 0 1674 0 0 0 0 0 0 6760 0 0 5361 0 0 6347 0 2541 0 7529 3649 9534 0 0 8981 0 0 0 
3488 4324 0 0 2140 1584 0 0 0 0 0 0 0 5237 3841 0 0 3055 0 0 0 0 0 0 4204 0 7716 8540 0 9147 7111 0 8142 2010 2536 0 0 3076 8545 0 6420 0 6532 0 0 0 1888 6128 0 0 0 0 536 2672 0 0 1469 8011 8830 1743 7257 0 6239 0 0 7987 0 0 9049 0 2577 0 0 249 7068 0 0 2160 4827 2663 0 5929 0 0 3965 
0 7258 3736 7303 0 7082 0 0 0 9699 5540 8880 434 0 6225 9886 0 0 3174 0 5810 9555 1424 8302 8679 0 0 810 7391 0 0 1277 0 0 6769 7288 3321 616 8485 6173 0 0 0 4624 9217 1116 139 6814 634 0 0 0 6388 5858 0 4631 4441 331 1506 9752 0 4666 0 8758 6128 9998 5388 0 7608 0 0 0 0 0 0 0 4504 0 0 4910 0 0 1629 8516 0 
2667 0 0 0 0 0 0 0 0 4957 0 0 4289 9258 0 8481 0 0 0 0 0 0 6568 0 294 2288 6817 0 6818 8160 4635 0 8053 7099 5696 2652 1827 328 0 1857 0 0 2591 0 0 5042 6123 0 1806 204 0 0 0 8094 0 4749 0 6913 3343 2462 0 0 0 9344 0 0 0 0 448 0 0 5158 1293 0 0 0 0 0 0 9719 3569 0 5731 4340 1827 
0 1911 0 0 0 0 2051 3530 1129 0 2819 9836 0 4330 8488 0 7313 0 0 8234 0 445 0 6877 8296 3943 0 0 0 215 0 0 0 4734 5967 9269 1254 0 0 0 4650 598 6571 0 7457 0 4296 0 0 5758 9384 0 0 0 0 899 1220 0 7548 1525 1410 0 0 0 0 4718 9981 0 3462 0 5746 3789 0 0 0 5424 0 4334 0 0 7610 0 7459 4671 0 
0 2983 1573 6222 0 1456 0 7467 4813 0 0 0 0 0 0 0 2686 0 0 1495 0 8626 0 0 3247 0 5571 0 0 0 0 7931 3689 0 2701 8912 7374 0 9352 1879 9959 8966 1598 4580 2093 3337 0 4236 0 0 0 0 0 4765 3001 0 0 0 0 4971 0 5518 1892 0 0 0 3094 2878 0 0 0 0 0 6962 0 1427 8576 0 0 0 4148 1843 2815 4213 2734 
3196 0 9449 2031 390 7178 3908 3882 0 359 4552 0 0 9298 0 3979 0 5665 4789 5314 6844 0 0 0 0 6887 0 0 0 7093 0 5636 0 924 9549 7666 5463 2813 0 0 0 1418 739 8520 9189 0 1411 8261 0 9749 1463 1665 8124 0 5112 1446 15 0 0 0 0 1969 3403 5835 4631 0 8211 6469 0 0 3166 4573 4244 9101 9934 0 0 0 8332 0 4864 3494 0 6871 0 
7276 673 3023 2892 7522 6430 0 5806 0 0 0 0 0 0 3225 8263 2345 0 1566 0 9677 5559 2 0 5748 0 1204 1643 2100 0 0 0 7403 7497 2577 0 8707 8335 0 6958 0 0 0 0 0 5610 1094 7920 0 9038 528 914 620 0 0 0 0 5324 0 1099 9536 8073 0 833 0 1558 0 0 0 9429 6951 8094 0 0 0 681 5336 0 0 5804 0 0 0 0 0 
0 8766 2958 0 0 0 0 0 0 0 8776 0 0 0 7707 6652 0 3380 0 2593 1423 9336 0 5754 4971 8567 50 8167 6912 0 8141 8445 0 3614 0 0 0 5400 0 8282 3138 3238 3943 4826 0 230 2240 0 2088 0 4236 0 0 0 195 8179 5253 0 0 0 1268 6368 0 0 0 0 4493 0 0 9131 0 0 2433 1787 0 0 2894 0 3706 2384 0 0 0 0 0 
0 0 0 0 6380 0 0 0 0 0 3310 0 0 0 8866 2323 704 8508 0 9173 1248 1166 0 270 0 5164 0 2691 4575 224 0 0 3855 0 0 9398 0 5235 0 3673 0 0 2701 0 0 0 0 0 0 3530 0 0 0 742 9912 0 0 9911 5438 9088 3653 0 0 1810 0 9583 4309 0 7497 0 0 0 2707 0 0 8650 3886 0 0 0 410 0 0 0 0 
0 0 0 0 0 2246 5774 0 830 2777 9712 3001 0 87 0 4108 0 0 584 0 8398 0 3401 9750 0 8250 0 6498 9849 1536 0 0 6407 0 0 5895 5890 5451 6064 9480 0 2627 42 1236 9784 2260 2672 3492 0 906 3104 0 7815 488 5207 0 0 0 0 3777 0 0 8628 0 5369 8861 4542 7333 0 0 0 0 1170 8249 3299 2180 2164 0 7026 9290 6322 0 5533 0 9921 
0 0 2584 0 0 0 6267 0 0 0 0 0 0 3783 0 0 0 6698 7765 0 0 7947 9317 0 0 7531 9176 0 0 187 3529 9343 0 0 0 0 3008 5585 9509 1496 0 0 0 4065 0 0 9399 0 5944 0 0 8797 0 6535 0 0 0 3918 4645 1625 3246 0 0 8977 0 0 0 7856 6746 1107 0 7510 0 0 0 596 7773 2163 0 988 0 3312 0 0 0 
3957 3723 7305 0 7843 0 0 2941 3614 0 0 1750 0 0 0 166 4776 8988 0 0 2171 5253 0 0 2133 0 9967 463 0 0 9225 1739 0 0 3290 0 0 104 0 0 0 0 9713 1844 2693 7280 0 0 1665 2715 4259 7184 0 2232 4677 0 9931 4339 0 0 1135 2197 5404 2307 0 0 9606 0 0 0 22 7116 3428 0 9508 0 0 0 8004 3901 149 5442 7929 7665 7416 
425 0 0 0 0 0 7605 0 319 0 0 8281 8068 0 0 6564 0 1879 0 0 8275 0 0 0 1185 7958 3553 0 4445 0 2369 0 0 4363 9054 9928 0 0 1358 0 4711 1463 0 0 0 0 0 0 203 3560 6129 9051 0 3380 696 9075 0 0 2286 2601 0 0 0 0 7712 3743 0 5500 0 8648 0 0 2535 3003 5944 0 0 9780 0 0 0 8819 1865 0 0 
4586 0 7473 6667 0 0 9169 2637 0 433 0 967 2884 0 8126 0 0 0 0 5649 0 6023 6895 7529 0 0 0 1457 0 3164 128 0 0 1090 8907 2973 0 6346 0 9959 891 0 3577 0 8070 6939 0 0 2045 2087 5643 0 270 9655 0 0 2552 0 0 0 0 6655 3993 0 5503 1617 2665 0 0 0 4455 0 0 3901 0 3470 0 0 0 0 0 6828 1869 3251 6392 
8507 0 839 0 0 6088 0 1348 1000 9995 0 0 0 0 3040 4031 0 0 0 0 9880 0 0 131 8256 0 9791 3220 0 1609 0 0 0 0 90 0 3690 8021 8788 0 5731 0 8520 3515 5523 0 9634 0 0 0 0 0 5613 0 0 9330 0 0 524 0 4707 7076 0 0 7715 0 3515 0 1256 0 6672 0 0 4035 0 0 5966 5363 4251 6881 0 3921 0 0 3299 
4399 0 0 7533 3880 0 3864 6941 0 5004 6028 363 1379 0 3807 7876 6798 0 0 2662 0 0 0 0 493 6248 4476 6874 0 0 595 8073 3534 0 0 4570 7086 0 0 844 0 0 8813 0 2686 41 0 0 3292 0 8050 7791 0 984 9979 9763 1596 0 2847 0 605 0 9197 2199 4720 5130 0 0 4296 2387 0 6893 0 0 0 0 7606 9560 0 2041 0 3693 4814 0 3833 
0 3362 0 0 2418 0 3398 0 3734 1974 0 0 0 3054 0 0 0 4716 0 3135 1187 0 0 2846 3935 0 9843 0 0 0 0 0 3011 22 8917 8911 7411 5653 0 0 7458 0 7708 0 0 8811 0 0 0 0 9394 0 6322 4768 0 0 0 0 5500 4069 0 4792 0 8378 7749 8481 6847 0 0 0 0 1207 6552 9840 264 0 0 4504 0 5322 0 8103 0 1265 0 
7572 5253 0 1072 0 0 7809 5052 0 8518 0 4963 0 0 0 0 0 0 7189 0 0 0 0 9856 5034 5833 9376 4477 122 0 0 896 6826 6343 0 5772 5556 6500 6230 2915 1230 4655 0 0 3663 0 880 0 4475 2870 584 0 0 0 0 0 6232 0 7668 1014 5803 0 0 1606 3388 500 0 2985 3482 7882 0 4206 0 0 0 0 5010 9192 1138 9704 6730 0 4394 0 0 
7790 0 2865 121 0 182 0 0 5961 4586 7640 0 9098 8231 0 0 3373 0 0 6945 8086 0 0 6647 0 6660 0 9450 0 0 6454 9815 4109 3752 7344 0 0 0 8961 7702 0 0 0 0 0 4139 0 6659 0 0 5333 5389 504 2516 5031 7558 9592 2059 0 0 0 0 0 7056 4762 0 1037 0 2002 2523 0 0 0 4538 0 9977 5952 3035 9826 5695 2157 1687 0 2487 0 
2605 0 0 9003 1483 7884 879 3392 0 0 0 960 8438 0 0 0 0 0 6378 0 991 0 0 0 4350 1380 6044 7173 0 0 0 7274 5781 0 0 0 0 0 8302 1526 5133 0 0 0 0 0 8528 0 8457 0 0 6952 997 6601 0 0 6451 0 0 0 4498 0 8026 0 0 4759 2539 0 2601 7947 0 0 5796 1230 0 0 5329 5950 4208 0 0 7834 8832 0 497 
6724 0 3182 5916 0 8448 0 0 0 9188 6176 5020 6058 0 8956 0 1537 0 6969 9506 0 0 6390 9379 0 0 0 0 5156 0 0 0 0 0 4318 0 0 0 8333 8664 6004 8308 0 8253 0 0 8364 0 0 0 3768 7090 0 3472 3372 0 0 8120 4699 8669 0 0 8851 0 0 0 6660 0 973 3856 5859 5543 0 1887 5150 9885 6969 0 0 1365 0 0 9723 0 0 
464 0 3913 808 0 0 9044 0 0 4417 0 1007 0 1431 2108 0 5038 9697 3418 0 3893 0 0 5117 7288 0 8572 0 4819 0 9271 1380 0 0 0 2476 0 3871 0 8879 5780 1202 0 0 7828 0 0 0 6436 1557 8846 3609 5417 0 0 0 0 0 0 0 0 0 6600 402 8281 0 8319 0 0 3433 4194 5738 0 0 9750 4530 6825 0 4114 0 9056 8509 0 3195 0 
0 877 0 8102 0 3376 0 0 0 0 0 0 705 371 0 0 0 8786 3102 4058 0 0 0 0 0 0 0 9865 2453 8344 0 0 4869 0 0 9606 0 9471 5227 826 5606 0 0 0 0 0 0 0 6964 0 6944 9559 0 0 0 2273 0 0 4426 7911 0 7721 0 1166 0 0 0 0 1530 5067 0 778 7710 9317 5759 0 0 5952 0 8424 0 9932 859 0 7071 
5355 0 4238 9019 0 8789 7689 6106 178 0 7206 0 0 0 3885 8821 0 0 9336 8295 0 4184 2841 8733 910 0 0 0 3300 296 0 6346 0 657 0 0 4790 8988 372 2836 0 0 0 111 0 0 8105 1031 0 0 0 0 4915 8340 4694 678 0 0 0 0 9363 754 0 4548 9693 3976 3611 4746 16 9366 0 0 1787 1744 2453 0 2652 0 0 1292 0 5590 5199 0 4537 
3496 7193 0 0 2053 0 47 0 2260 8914 6339 3482 1024 0 526 5898 0 9825 0 0 3613 7202 0 215 0 0 1315 0 7994 5954 6435 6199 0 7644 0 5730 0 679 0 7071 1039 9828 618 6275 0 0 9087 0 2531 0 4292 0 0 0 0 0 0 0 0 2903 4889 0 2713 0 0 0 9968 9490 2864 31 0 0 836 0 1724 8902 1872 5712 8456 8118 0 3867 4371 1134 0 
6466 3431 0 5202 0 1846 1099 0 5835 0 0 0 0 0 0 7723 2873 248 0 0 4673 0 7227 8364 0 0 1031 9298 0 0 670 0 8544 0 0 3218 0 2675 0 7259 0 0 2897 0 2405 0 5153 0 0 0 0 0 0 4772 0 700 1604 0 0 6230 0 123 4128 8371 8580 8568 7098 2467 7754 0 0 4770 2002 1941 7005 0 0 3843 0 0 0 8897 5035 4198 4745 
8759 6984 0 2613 961 0 0 3088 5906 1414 0 3006 2944 0 7773 0 8649 0 6769 8746 5401 0 0 0 0 5507 0 4688 0 0 7738 0 0 0 7121 7022 5478 0 0 0 2406 0 0 1142 2977 8521 7119 0 5471 0 0 0 0 0 4861 0 0 1400 1772 0 0 2250 3773 8829 0 0 2814 8149 0 0 9174 0 300 0 0 0 7656 0 186 0 0 0 0 0 5383 
0 0 0 669 2460 1234 2802 2541 7204 0 0 9553 4893 0 0 563 0 3214 0 9631 0 5497 8557 0 0 5438 6656 0 6072 4175 1443 5238 1168 4190 9346 0 2190 7476 0 1847 7179 0 0 0 0 0 0 8373 2905 1258 3143 234 0 0 1091 7319 3667 0 8015 0 7143 0 4610 0 0 4482 0 1972 5258 0 36 0 0 0 2111 0 569 0 6264 7401 0 0 1756 0 6249 
0 480 0 0 0 0 929 7354 0 0 6948 0 0 224 0 0 0 0 0 1881 6433 0 0 2211 3801 2147 0 3849 8143 0 0 9974 0 0 0 7356 1676 7552 0 6597 0 5581 0 7321 3121 7059 0 0 0 4339 3969 0 0 0 0 9274 9643 0 3959 4138 0 0 0 5211 0 16 0 1805 2616 0 0 7537 410 0 0 3970 4941 7766 0 0 3447 0 1639 0 9246 
8174 160 8376 9971 1952 0 4000 0 7011 4190 0 0 0 0 0 0 0 904 0 0 6786 6529 0 0 1357 1337 659 761 3015 2624 5312 5492 0 0 0 8604 0 0 0 5951 4248 9049 6244 4973 0 9875 0 9577 2027 2212 0 0 0 5889 0 6615 2388 0 9795 0 2123 9762 9640 0 1800 0 0 0 0 0 74 0 6391 0 4493 8800 3599 0 1664 0 0 6324 0 0 0 
0 5547 0 0 4047 2113 0 0 0 0 6535 0 4083 0 0 8908 1728 4767 0 0 4595 1471 5369 2288 0 9902 0 0 0 0 0 1414 0 1821 1796 7803 2292 2377 0 1653 7454 0 0 6444 0 0 0 0 0 934 0 8028 3323 0 0 0 0 0 0 3349 0 8526 351 0 0 4525 0 6590 2542 0 0 8258 0 0 0 2616 5587 0 0 2721 0 9102 0 9045 3475 
0 0 0 0 5318 0 0 2429 5695 0 4494 9764 7647 2021 1036 0 0 0 0 0 0 7604 9277 7551 0 2381 8318 0 0 3368 0 4537 0 1055 0 0 0 3093 9198 0 0 2917 7701 3748 0 0 0 9920 0 0 0 1677 5953 6119 0 7489 0 7826 0 0 0 3433 1655 0 0 0 0 1335 0 8439 9601 0 0 9302 0 6782 0 0 0 0 0 0 0 0 0 
0 0 3009 1632 6688 8771 0 0 0 0 4291 0 5108 8324 0 0 0 0 0 2527 9751 0 0 0 0 0 1745 0 5043 0 0 5214 2316 0 0 0 417 0 0 2886 0 0 0 4842 5866 4097 9213 0 0 9257 0 8729 4602 9097 7569 0 0 0 0 0 1383 0 0 3295 0 570 0 0 8503 0 0 9519 4892 841 0 0 3986 1880 5278 86 0 1655 0 7221 1515 
0 0 7641 0 2402 0 0 0 92 0 2971 0 0 0 0 6619 0 0 0 0 0 9457 7235 1909 0 0 2774 0 0 777 0 0 0 0 4532 5447 7820 0 0 3492 5855 8582 0 0 0 0 0 4296 5915 9290 0 0 0 5334 0 0 0 4539 0 0 0 3021 0 0 0 0 8659 7062 9109 7438 453 0 0 0 0 9181 6448 1330 0 1010 0 0 1606 0 609 
9693 5919 0 0 0 0 0 8936 5436 0 4775 9950 7529 0 9264 6073 0 0 0 2339 2486 3307 0 3827 1770 0 0 0 8984 3431 5874 0 4149 5490 0 0 0 4699 8542 0 0 6055 2508 1979 0 0 0 3333 3210 0 5756 0 8515 4651 7009 8030 1402 0 0 0 6336 6091 0 2265 0 0 2490 0 8620 7343 0 1833 0 4265 4867 8637 3741 2882 2982 6085 0 0 6495 200 6064 
0 1561 0 0 5380 0 5118 0 9088 146 0 6611 0 9503 0 0 0 3403 0 3435 5019 0 4026 0 4730 3267 0 970 7733 0 0 7680 0 5289 5365 0 0 0 7885 0 0 0 0 4071 0 9564 9335 2302 0 2306 201 0 0 0 0 9743 0 6499 8116 9809 0 8097 0 0 1743 0 0 3051 0 602 6927 2992 0 0 0 962 82 0 3202 2868 40 0 8587 6106 0 
0 0 299 0 0 0 6285 0 8753 0 0 1528 0 3495 0 0 0 9828 0 0 1652 0 0 9452 0 5765 0 0 0 4638 0 0 3574 9296 3241 0 0 0 0 0 0 0 6665 6618 5441 0 7476 4481 0 0 6867 0 4892 0 7177 0 0 4691 0 0 0 0 5566 3911 7865 0 0 0 0 2194 0 0 0 0 4844 7619 0 0 8066 0 0 0 9677 7558 0 
233 687 0 0 9017 0 0 0 5622 0 0 3549 2361 682 0 6425 22 0 0 1370 0 0 5618 5999 0 0 0 4351 0 0 8975 0 0 1885 5768 0 0 0 0 4992 0 0 0 0 4696 0 7347 2002 3734 943 0 0 0 0 412 9931 0 2999 0 1190 0 5312 0 0 5239 0 0 547 0 7911 7860 2917 5915 0 0 0 4794 0 0 0 8603 0 9675 0 4598 
1185 447 6843 0 5572 7745 3878 0 0 0 0 0 2096 0 6369 3275 2624 0 0 5099 0 6877 9943 7915 2802 0 5156 5669 3871 7045 0 0 0 0 3431 507 0 0 6360 4035 0 7737 0 0 0 0 0 6110 4891 0 0 0 2203 0 4857 5927 0 6184 0 9652 0 5700 1266 0 3767 0 1123 3381 0 0 4691 0 0 0 0 5781 0 0 9836 0 0 6450 781 2791 0 
0 5534 0 0 6727 3838 0 2982 0 0 0 0 4954 7328 3740 8656 0 0 468 0 0 0 9504 0 7041 9995 8332 6893 0 0 0 0 0 6036 1259 7862 12 7305 4800 55 1422 5962 9853 0 5886 0 0 9370 3221 8326 9056 9565 947 1580 0 0 0 6025 0 0 5291 522 0 3431 0 0 0 0 0 8107 0 3854 0 751 0 3445 0 0 1372 2308 0 0 1403 2907 0 
0 0 1103 0 0 2095 0 0 0 0 0 0 0 3523 2187 7846 5003 6390 1077 0 0 0 9441 9599 4651 0 5249 0 0 9227 0 4245 5500 741 8573 0 0 6350 0 0 6614 0 3442 0 0 0 5302 0 0 2808 0 0 0 3144 4673 0 9513 4762 9883 0 4608 8412 3057 0 6933 0 0 0 6775 0 6419 5355 2411 0 0 0 416 0 7808 0 3758 0 8567 7778 0 
0 9270 9349 0 0 4612 0 8310 0 0 7303 7353 2330 9268 857 0 9641 0 5971 1018 1977 0 0 0 1225 0 1318 0 0 1003 1341 0 7033 0 0 4359 1995 0 2255 6560 4978 0 0 0 5549 301 2001 0 0 0 7794 0 7579 6884 6459 7521 9546 4792 3169 0 0 0 9291 7847 0 2618 0 8582 0 0 6531 3603 0 0 0 0 4789 5403 0 9300 8906 1034 0 0 9445 
0 2618 6644 0 0 0 0 2346 0 8736 0 0 2943 0 8276 0 0 0 244 0 0 4465 5806 0 0 0 7142 8110 5261 6280 1471 5113 0 4416 322 0 5960 1566 0 0 35 0 0 3428 0 0 0 0 0 1573 0 4887 8266 9475 8323 9226 0 0 1316 0 0 0 0 0 0 9131 2815 0 0 1636 0 0 5857 1014 0 6200 7412 6317 4198 3409 0 0 3377 0 5615 
6604 943 8587 4222 0 0 0 8493 4137 8318 5309 0 4223 0 1740 0 0 0 875 0 0 0 8214 0 0 5888 0 9169 8117 0 5608 4262 0 0 0 0 6811 2220 7046 0 8913 1220 0 0 7929 0 0 0 0 0 0 8680 1647 5154 5286 0 0 0 0 1375 4954 2003 8634 2604 0 0 0 4277 0 0 3041 2119 3902 1788 0 0 0 0 5693 0 9831 0 2269 8066 5783 
0 0 333 0 0 0 0 3006 7736 6730 0 0 0 9749 0 5724 4010 6104 5868 0 6987 0 8982 0 0 0 5842 1523 1532 0 7601 0 4960 0 0 0 7350 0 0 9427 0 0 0 0 5169 0 0 9805 0 0 7092 0 5123 0 51 451 0 0 4203 9362 0 0 0 7773 0 0 8450 3371 5075 0 1309 2804 5243 7268 0 0 5635 0 0 3348 0 0 0 0 205 
0 8900 2697 3741 0 8743 4921 1317 0 0 0 0 2066 0 0 0 2010 0 4971 0 0 2650 2394 0 0 4136 5748 2727 7183 975 3081 3174 0 0 7782 1012 3347 1461 0 0 0 0 2562 0 8085 0 4540 0 0 0 8657 0 8333 0 1887 3653 7245 0 0 0 8920 6893 0 0 359 6961 0 8887 0 2078 0 0 1681 1007 8314 8742 0 0 0 3358 6568 0 5716 3116 0 
0 0 0 0 7167 0 9448 1707 0 0 0 8812 3367 5129 0 0 0 0 2641 0 0 0 0 0 0 0 2273 1562 7120 0 9670 0 0 8252 4979 0 0 0 93 2983 1387 3190 0 0 6494 7486 1266 0 0 7886 992 5677 7928 9901 0 7159 0 0 5639 0 0 6969 0 0 0 0 0 0 0 0 9919 0 0 0 7835 0 0 5004 0 0 1674 0 0 6687 6466 
0 9286 1538 0 8197 1362 424 9082 0 0 0 0 839 0 74 0 0 7103 0 0 6770 4561 3846 0 6321 7101 1996 8924 0 3420 9893 8861 0 9539 0 9106 0 5902 7904 0 0 0 5449 0 0 8031 3544 0 5326 0 1564 1482 0 5085 1482 0 1176 4888 0 0 6109 0 0 0 0 1868 0 555 0 0 0 0 0 2648 0 1566 7222 0 1167 6637 0 0 3674 0 0 
0 6205 3704 731 0 9155 7457 8901 4684 4687 0 3587 0 5822 2939 0 918 0 660 553 7694 0 0 0 6969 0 0 424 0 6993 0 1305 162 9887 3334 0 96 8203 0 5008 0 0 0 0 3227 0 0 2511 0 7568 0 0 1814 0 0 5949 9622 4797 7667 5004 7229 5605 0 0 9538 0 0 0 4895 0 0 6553 0 0 0 53 0 8393 9100 0 0 0 0 0 0 
7027 0 1771 0 1358 0 0 200 0 0 0 955 0 9976 6244 0 0 7929 0 0 0 588 2004 0 2124 0 0 5509 0 8488 4303 0 0 528 0 3354 1043 0 5963 0 7199 0 0 0 0 0 5015 1952 0 665 6567 4347 0 0 0 4440 0 0 0 0 3552 9467 0 0 3701 0 6711 0 0 4600 5373 8657 0 0 0 9944 6452 0 1204 0 7385 222 8936 5708 0 
0 0 0 0 0 0 8433 5299 5577 8377 0 291 3894 0 3284 9367 0 0 0 0 9718 0 0 0 0 0 0 0 0 0 2231 6232 1368 0 3700 0 0 2443 0 1901 1909 0 1907 8236 7526 0 707 813 6459 0 8732 3228 7491 8061 0 0 0 9155 8631 0 6877 0 0 7735 0 0 0 5238 0 461 758 2934 0 0 2690 0 9670 4772 0 0 7758 0 0 8235 0 
149 1506 0 6680 1029 0 0 0 0 0 0 0 0 3875 0 9691 6956 0 331 0 3446 649 467 997 0 0 0 3363 0 0 0 8879 8531 0 5825 0 2207 0 0 5281 2577 3603 6199 0 0 8367 3505 3436 5350 9440 8787 0 2532 960 0 9899 1875 2538 8103 8421 0 3989 0 0 0 5931 0 3164 7654 6724 4849 7892 0 9794 5561 0 0 0 0 0 0 0 0 0 0 
0 0 3158 0 3675 3276 0 0 0 2479 0 0 0 4778 0 0 8803 0 4913 3014 0 1772 2882 6566 0 8632 4950 3220 4229 9531 0 0 0 1720 7503 0 1392 7618 0 457 0 0 0 0 0 1398 0 0 9210 2192 9294 0 9016 4745 0 3689 0 7875 7328 7362 0 0 0 376 6886 9055 200 1388 793 0 0 0 0 5987 0 3972 0 0 7003 0 0 0 7262 4142 0 
0 0 0 2946 0 0 0 0 9221 7635 6335 0 0 6613 0 8327 0 1314 6528 0 0 0 4581 7481 0 7174 0 7147 155 7342 0 5092 0 0 6947 4371 2414 1787 5350 0 0 5939 1987 3832 4431 0 0 0 0 0 0 0 7951 4041 7691 0 0 5409 9222 5047 0 0 401 3273 1070 0 0 0 0 1133 4217 3589 0 3267 0 7262 0 0 0 3087 0 3006 0 5145 0 
0 4046 3103 0 0 0 0 0 0 0 0 0 3299 0 0 0 9570 0 7724 0 0 0 65 0 0 0 0 0 0 3140 8784 0 1466 0 7156 3207 9223 0 8829 0 0 0 0 6892 0 0 0 0 0 0 0 0 5992 3539 7525 637 0 6694 0 7967 0 0 0 0 93 0 0 6520 1812 0 2969 0 0 0 0 0 6509 0 8817 0 0 0 0 0 5224 
0 0 0 0 6606 0 0 2604 0 0 3944 197 0 6753 8015 4804 7238 3305 0 0 0 0 0 1322 4132 0 7528 8588 26 0 0 4918 0 9772 8171 6911 0 9944 7052 0 0 5143 0 5721 8486 0 1074 0 183 1970 6502 0 0 0 9769 4413 2249 9285 0 6010 5314 2225 0 4699 171 0 0 0 0 0 1624 2624 0 1797 0 860 2673 0 0 6273 0 0 0 0 0 
5675 6326 8434 0 5876 0 2389 0 2841 0 0 7031 0 0 0 7024 5889 0 0 0 1041 7481 0 0 0 0 1901 0 0 0 0 0 0 7153 3078 0 1452 0 0 0 1194 147 0 8282 0 8800 0 7880 0 5274 0 165 767 6822 0 0 0 4716 0 3535 9404 0 1423 7851 0 0 0 0 0 3922 6605 3085 0 0 0 1766 0 0 6028 6725 3168 0 922 2661 7501 
0 1449 9673 3744 0 8097 0 6492 0 9792 0 0 3371 1272 5151 0 0 0 7989 0 5358 0 1587 8855 0 1864 8994 4584 0 8111 7762 0 5281 0 7619 0 7657 6398 5051 0 2568 0 0 5568 0 1357 0 0 3392 8452 1305 4341 0 0 5254 1390 8458 4119 0 0 0 0 0 8521 5461 3356 9187 0 9421 0 0 0 6973 0 0 0 4607 0 0 0 2613 0 0 0 0 
6091 0 6959 0 7841 0 6200 0 0 0 9389 6005 0 2246 0 7119 0 0 0 1886 1646 7190 0 0 0 0 0 0 0 1036 0 0 4360 0 2547 0 0 0 0 1131 0 0 5174 342 7698 9215 0 7082 9901 2144 4161 3688 0 4977 1633 6555 7942 0 79 7459 1098 5131 0 4398 3108 8759 0 0 0 0 0 9287 9341 4626 0 7265 0 0 7463 0 0 0 2607 0 7293 
648 0 4323 0 0 7852 0 0 1824 0 1235 3817 0 4680 7705 0 1343 0 7212 0 0 2247 0 0 0 9810 5843 1799 1909 0 1070 3628 0 3472 8327 0 0 0 0 0 0 0 7143 1242 0 0 0 3775 7016 9872 0 5686 2038 4859 0 0 0 0 3437 5632 3813 0 0 0 0 0 0 0 3763 8086 0 0 8430 3086 6844 0 0 0 4460 0 0 6505 0 5419 0 
