0 0 0 0 0 4579 0 5272 0 0 3034 4174 9392 114 1207 752 6012 8698 0 1917 0 4964 0 0 5497 0 8296 0 8546 0 6168 357 0 7395 0 2673 0 2441 5013 3833 0 0 0 0 0 0 0 0 591 0 0 4917 0 2836 7776 0 6722 7982 792 2613 1302 0 0 7219 0 531 1422 2201 0 436 5494 6730 4336 0 0 6877 0 0 1167 863 0 0 7233 2671 
8616 0 0 1989 0 9719 8994 4754 0 4663 6280 0 0 0 4823 4982 0 0 0 2402 6916 0 0 0 9280 0 0 2733 5210 231 3023 0 6744 0 0 6159 3086 2233 4603 5687 0 0 5896 8641 0 0 386 7122 0 9236 0 7751 0 0 5476 1832 0 2684 0 0 6324 935 5395 0 0 5181 1184 9818 362 0 4496 0 0 4372 0 9869 2682 4425 0 0 0 0 0 0 
0 9360 0 0 0 0 0 0 0 0 4108 0 0 0 2267 6279 3804 0 0 0 0 0 0 334 0 5800 0 0 0 9380 4306 0 7424 3013 5082 0 5790 0 6410 0 0 1356 0 4691 2551 0 8331 0 5460 9767 0 0 0 2001 0 0 6933 5237 0 627 0 961 5699 6867 0 0 0 4632 0 0 737 0 0 1140 0 5308 8668 9090 3393 3887 0 1115 0 9492 
9439 9296 0 0 6710 0 4757 0 0 9714 0 6760 0 3130 5790 8667 0 0 0 0 0 0 5682 3107 0 515 4507 693 701 0 0 0 0 0 0 0 0 0 0 0 7092 6179 9839 0 0 0 0 5438 0 3325 9493 0 5807 1212 0 0 962 1736 9730 2638 8015 5396 2432 3546 1319 2727 0 0 0 4800 0 0 0 7345 6834 0 0 0 4017 0 0 0 0 0 
0 348 0 9755 0 1705 9451 5177 0 0 0 0 5180 3029 7482 8606 0 1013 0 6983 0 7408 0 1352 0 0 3536 5951 3537 0 8392 0 2707 4728 0 7880 0 0 5846 6154 9878 0 0 4758 0 0 0 7793 0 0 0 3136 9967 6734 0 5059 0 0 0 7521 0 1116 491 0 4866 0 0 1159 0 1225 0 3298 2712 8134 1643 6824 5401 0 0 0 8885 1143 0 0 
0 0 9676 0 0 0 1816 8480 7593 5210 0 0 7742 1175 0 0 6916 1835 0 0 0 3606 0 160 0 0 130 8381 9549 0 5760 378 0 0 0 2619 0 0 4688 7569 8525 9824 0 9489 0 8252 0 1152 0 0 0 6888 3478 0 2290 0 4038 0 8018 4650 0 0 0 0 7856 0 6878 0 8198 910 0 865 9449 1430 3241 0 0 5219 0 513 0 0 2615 0 
0 8301 0 0 0 298 0 3134 217 1413 1644 0 0 618 8414 259 4917 0 5073 7663 5175 0 772 9260 9468 2317 9470 994 0 6194 6527 0 2361 2889 0 4801 0 0 4364 549 0 4641 729 7012 3173 5218 0 21 1762 1328 7724 1455 2156 0 1755 9183 9278 6754 0 6571 8136 0 0 552 7627 6327 6416 0 2861 4 0 5069 8467 6401 0 887 0 1033 0 8383 0 0 0 0 
8159 3641 8055 0 0 0 0 0 0 8146 2647 2699 919 0 8352 7549 0 3429 0 0 0 0 0 5936 3770 82 6370 0 0 8291 89 2399 8402 8715 0 9618 3095 0 5996 6654 4042 1324 4103 0 7041 9103 0 1906 0 1445 0 1440 7351 7989 0 8613 0 0 4862 8605 8035 0 8581 9684 3996 8664 0 0 5894 9048 0 0 0 0 7963 7229 1632 946 0 7164 8278 7273 1795 0 
0 8963 8047 229 9573 0 0 2984 0 5919 0 0 0 0 5840 3012 0 0 0 135 0 0 1091 0 0 0 0 4259 0 0 1123 5316 3479 6293 8535 3361 7295 3545 0 4837 4986 4657 0 0 0 0 3799 0 450 9562 9022 0 0 7393 9685 0 0 0 0 0 0 0 0 2897 4700 3448 0 3820 0 0 5735 0 3810 0 5756 9119 2231 0 0 0 0 0 0 0 
1305 1173 2482 0 0 0 0 0 0 0 0 8370 1918 1139 962 0 4188 7528 0 0 7646 8240 0 0 1147 3534 8711 0 2587 7483 0 0 8120 0 2216 0 5644 0 4097 6116 0 0 4702 1748 0 0 2966 0 0 0 0 5453 4560 5169 6166 9667 0 6069 0 0 3995 6715 6087 6924 0 0 7245 1752 0 7299 0 1455 0 8343 0 627 0 0 0 3272 4804 0 3427 0 
0 8792 613 0 0 0 3157 0 780 9303 0 770 6198 0 0 6019 3862 558 6095 0 0 7458 8645 0 5143 0 0 0 0 7988 3461 0 2823 0 0 0 0 0 0 2868 0 543 0 0 0 0 0 0 0 266 0 0 0 0 5920 0 0 9850 7217 295 531 0 0 0 286 8385 4899 0 0 4579 1658 0 4034 0 4345 3016 0 6461 6082 3504 4062 4927 5415 540 
0 3059 2068 0 6928 0 3013 0 493 0 0 0 0 0 4844 293 0 0 1500 0 0 8830 0 9804 0 1375 8194 0 0 9966 0 8073 0 5451 5355 0 6731 0 0 0 2359 4850 0 0 1635 9394 5758 5674 0 3079 7946 4355 7158 331 0 5789 304 0 9595 0 51 9592 0 9818 1958 0 0 7693 0 3260 0 7948 0 0 0 8306 7795 6979 6686 5056 0 5714 1540 9448 
0 0 0 1281 9872 0 2065 0 0 6987 6550 4315 0 9547 0 0 0 2295 5583 950 2305 0 0 8685 0 0 0 0 0 6930 0 0 0 2810 0 0 0 2535 0 1808 0 8572 7737 0 9699 8304 0 9622 0 0 0 0 0 0 0 7415 7211 7866 0 0 0 1617 2328 825 0 0 4513 0 0 9618 0 0 0 1043 8596 0 0 9163 0 0 974 0 0 0 
5964 0 6570 6491 0 0 0 0 3648 3046 9276 1433 0 0 9211 5524 0 6157 0 0 0 1635 0 882 0 0 0 0 0 0 6082 0 0 5446 8113 7416 0 0 0 0 5545 65 0 0 0 2262 542 4451 4562 1922 0 5766 3576 0 0 0 7090 0 7587 5818 1711 4150 9403 0 961 4322 2691 0 0 8373 0 0 3651 0 0 0 5275 0 9886 7030 0 0 9264 0 
0 0 0 597 0 0 2832 0 0 4553 0 9613 8928 0 0 6803 9195 1545 0 5824 9199 9009 0 7353 7531 7605 2577 0 0 7295 4230 0 0 5057 5166 3557 0 0 0 3613 7080 7052 1889 0 7385 0 9035 9152 0 0 0 5011 6814 7280 129 0 0 0 4080 6754 0 0 0 2274 611 0 0 6087 1434 3493 0 426 9930 0 0 0 6043 0 0 0 0 8915 7193 2343 
0 0 352 0 0 0 0 9503 6939 265 0 8510 8582 0 8849 0 604 7647 8817 2226 0 8199 0 6455 0 0 0 0 6667 0 2272 567 1221 2645 0 0 3570 8493 0 0 0 3608 0 0 0 0 0 0 0 0 7338 0 965 4892 0 9542 1551 2606 0 8045 0 0 6428 0 5558 9004 6390 4748 0 1828 0 0 7828 8228 0 0 9227 6472 8069 0 5372 0 3910 0 
6262 0 0 2175 0 6019 192 0 7612 9058 5555 6591 0 0 3768 0 0 8633 0 0 0 0 4367 7628 0 3551 0 1215 0 0 6195 0 0 9901 2887 5042 9595 0 2520 8985 0 0 4062 6426 0 0 5303 2684 4201 0 4185 7360 5396 0 1290 0 824 0 0 0 7907 8106 4399 7106 0 1732 0 0 2729 0 7048 0 6354 2866 0 0 405 1751 606 0 1371 8134 1836 0 
825 0 0 6831 5939 717 0 0 6184 0 0 0 4650 9906 3356 8438 6831 0 0 1892 568 0 0 9255 5640 0 0 8728 0 1201 0 0 0 9126 7587 0 5669 0 0 7050 893 0 42 9431 2064 4955 0 9999 0 0 0 0 6853 0 0 0 4804 0 0 0 3308 5423 5358 0 3279 3058 7882 1457 0 0 0 883 0 3261 800 0 0 0 3260 0 719 4178 6379 2068 
0 2739 7707 0 0 1544 2881 4519 0 5778 3662 0 0 3541 0 0 9975 8342 0 8787 0 6300 9768 0 693 0 0 0 0 607 0 6075 9328 6773 0 0 0 0 1390 6750 0 0 3720 0 0 4899 0 1960 6660 0 7673 0 1878 0 0 362 0 2793 7693 8253 5483 0 0 9330 3317 0 510 4747 0 5871 0 4748 2449 3740 0 6632 5518 0 8786 0 0 0 3507 6384 
0 0 8803 0 6171 0 8319 1592 3645 0 0 0 0 0 0 9828 0 4623 7280 0 4121 0 0 5175 0 954 7067 0 0 0 1776 1926 4699 0 3201 0 0 1411 0 5374 4440 0 2398 7158 0 3133 4619 715 2136 0 5994 3000 4481 0 1891 9052 3812 0 6788 9274 0 0 0 0 0 5649 0 0 0 4822 2113 0 4411 0 0 4233 292 0 4374 0 0 0 0 7066 
0 9769 4140 0 9639 0 0 0 0 0 5258 752 9533 0 8928 2978 0 0 0 7026 0 1610 0 1471 0 2267 8377 4945 2104 0 0 3647 0 2351 8402 0 0 2883 982 0 4755 0 2147 0 8298 8772 0 4186 0 0 0 809 3454 1892 1174 6992 0 0 0 9338 1323 0 9451 6787 5821 0 4673 0 3017 0 9535 0 0 0 0 0 5286 337 0 0 9049 1746 9776 0 
0 0 113 1585 7997 5934 0 0 0 152 7629 3649 0 845 0 0 0 353 1395 0 1598 0 8938 7604 0 0 324 8834 0 3385 267 0 8165 7230 2716 5755 0 8986 6965 5586 4450 7028 6417 0 5743 8252 0 8380 5336 2214 0 8039 2561 7187 9588 0 0 0 0 0 0 0 0 1802 2738 0 3993 8511 7849 0 0 3780 0 0 0 7381 0 8386 0 0 0 0 6175 0 
5974 5232 480 0 0 0 821 0 5223 0 0 0 0 0 0 6220 0 8717 0 3325 0 868 0 6974 1420 0 5013 0 0 0 0 1881 2647 7562 0 5097 7618 0 5264 0 0 4861 0 0 0 7255 9682 4288 6515 0 5444 0 0 0 7409 5630 8067 0 3195 5284 0 0 0 0 8488 0 0 7629 7569 0 7486 0 0 3465 0 0 2040 0 1810 0 7187 0 7946 6128 
2125 7757 0 6607 0 7574 0 0 0 5805 0 3958 6531 0 0 0 357 6473 0 2525 0 0 0 0 8434 0 5993 0 0 0 0 1329 0 641 2596 6243 7745 1088 0 0 6 0 3519 0 211 0 2069 0 807 8400 7936 0 0 0 1056 0 0 0 0 0 0 1874 3817 0 0 3391 1057 0 7915 6437 0 0 0 0 1436 0 9864 2224 7617 0 2618 6910 8738 0 
0 3376 3562 0 0 4111 0 0 6352 3909 1004 4645 8921 0 0 8094 1624 6102 0 0 0 2292 4990 1793 0 0 0 0 3390 1823 6840 0 8038 0 0 4618 0 9442 4854 0 0 0 4438 986 0 0 6795 4783 8646 0 531 0 2357 3983 0 0 867 0 0 0 8401 3543 0 4599 0 1147 7503 0 0 2400 0 0 0 0 2557 6973 0 0 371 7466 3045 8142 1083 0 
1922 4899 7837 2318 5557 0 0 8762 0 8117 837 3979 9323 2117 6437 0 0 2282 0 0 533 5386 9446 4480 0 0 1391 0 274 0 0 0 6074 4085 0 0 0 0 6965 0 0 3131 3562 0 8803 0 8342 0 0 0 0 8865 0 1387 6182 0 0 9846 0 0 0 0 6413 0 8785 0 0 0 1858 8678 0 6971 0 8192 1752 0 7597 0 0 3450 5488 8127 3013 9613 
0 0 0 0 0 6131 0 0 7465 0 3715 0 0 9610 9207 7115 0 4020 0 0 0 0 0 0 2708 0 0 0 1384 1655 0 0 0 4474 4387 1363 7540 2827 0 8198 3919 0 4944 0 4159 8860 4730 4040 3380 0 984 0 8711 0 0 0 2580 0 0 159 0 6889 0 4517 0 0 0 3507 9179 9424 5835 0 0 0 0 0 0 9306 0 4213 1945 5612 8110 0 
1262 0 0 0 2183 0 252 8388 0 6456 6042 5355 9886 7848 1482 0 0 0 0 0 0 9214 0 8860 3698 7132 0 0 218 0 0 0 3851 0 4672 5771 0 0 0 6701 0 0 2502 0 0 9470 6819 0 4138 1806 0 0 3041 0 0 9100 7804 6068 0 0 9746 3514 0 9452 0 5126 0 0 0 0 1715 514 7190 5315 0 0 8403 0 3013 3247 6059 0 0 0 
9330 9778 0 2794 0 3004 2849 1354 6414 0 7408 3683 6928 0 0 8506 0 0 5162 0 0 0 0 0 1596 0 4544 0 0 9382 16 0 0 3430 0 79 0 0 1221 5730 5849 6803 1766 9170 8200 0 3617 9450 0 8466 4875 9421 1182 4874 5397 0 0 0 5854 0 0 0 6688 9707 3956 2635 2154 1856 0 0 0 0 1730 0 0 0 5796 2798 5100 7544 0 0 2244 2349 
5621 0 0 0 0 0 8177 0 1651 0 0 0 7290 0 0 0 5388 9058 0 8220 297 0 795 0 0 8314 349 8360 2237 0 0 3342 0 6871 426 8945 5358 7947 0 0 777 3563 0 5569 0 919 3675 2448 4992 0 0 0 2601 5323 5377 6070 0 4818 8424 2101 2834 3411 9568 0 795 0 0 162 0 0 0 0 1947 0 0 0 5473 0 7173 3394 8167 0 0 6631 
8020 3762 0 0 0 0 2126 3566 1158 5865 0 4601 8724 3468 0 4293 0 3872 0 1525 0 9577 0 0 0 0 0 6860 0 0 0 0 2346 0 8987 0 8475 0 0 8357 0 4016 0 775 4699 0 7652 8431 0 0 0 24 690 5629 0 0 6870 0 0 2387 4758 0 4510 9167 2784 0 7950 0 356 0 0 6761 9798 0 6667 2067 8054 1646 9771 0 0 4209 2534 0 
7130 8047 0 0 2188 461 3763 0 2221 8988 0 0 1066 0 0 6572 7257 1646 2744 0 7510 0 2401 0 0 0 1077 1143 6228 3112 0 0 0 2720 0 4161 0 0 4395 1712 0 0 9143 0 0 0 5276 4050 0 0 4019 0 0 0 1460 1479 0 0 0 0 7946 0 857 5884 0 0 0 0 5097 1040 8932 1195 0 0 0 5709 5806 2741 5198 1224 8470 223 6523 9600 
8105 0 9752 0 0 5145 6342 0 0 0 7127 0 8729 0 0 0 1444 0 0 0 0 9935 0 0 8850 0 8360 0 0 0 0 8941 0 0 9179 0 0 0 0 0 2756 0 7172 0 4789 0 0 3109 0 3482 7728 6438 4343 7080 0 5651 0 0 8143 0 3847 0 0 0 0 6794 3398 0 4803 3901 0 188 1639 1750 4818 9532 0 0 0 0 0 2533 5143 0 
5734 0 0 0 6579 912 7347 9012 1129 1704 0 7333 0 9742 0 0 8294 3234 0 0 0 0 0 3677 1795 4399 0 0 0 8708 0 5070 0 0 0 0 0 0 3631 0 9831 0 0 4600 0 9362 0 4789 2526 0 2714 6339 400 0 5531 0 0 7859 8645 6675 1687 7189 0 0 2535 971 6443 0 0 1649 0 0 1199 3516 0 0 0 0 2791 0 2151 0 0 0 
1212 431 3612 0 7847 0 0 0 0 6815 8048 0 8143 0 8660 8379 1643 9060 2043 4196 0 4060 8055 7049 0 0 6401 0 2679 0 4325 0 0 4356 0 0 0 0 0 3643 7683 5597 1250 1728 9310 8652 8905 7424 9046 2441 0 0 0 0 9947 3685 0 7986 7186 8858 0 167 0 0 6263 4784 2230 0 0 7710 8130 0 2535 0 0 0 0 4996 1852 9999 1794 0 0 7209 
0 0 0 0 0 0 0 8939 4689 5550 247 0 9941 0 0 2587 0 1002 0 0 0 0 0 3323 8112 0 0 0 0 888 3971 7629 0 0 0 0 0 2441 0 3650 5309 8565 0 0 0 6193 0 0 4114 8729 9109 7684 0 0 0 8826 0 2636 0 0 0 5372 8672 6129 0 6649 8043 0 2390 0 0 0 0 0 0 6296 0 478 4120 0 4072 0 9230 0 
3199 6690 0 705 0 0 0 1120 0 0 0 0 2864 8297 0 0 3661 0 4164 2851 522 7490 1774 0 0 3196 1903 2325 3860 7359 0 9114 0 3940 3615 6315 0 7834 0 1303 0 0 5767 9576 3483 0 7313 7957 0 0 3992 0 304 4684 8713 3059 4189 0 0 643 0 5975 0 740 0 6552 0 3827 7449 0 0 4223 0 0 3839 1495 0 6309 5485 0 7092 7946 0 0 
9743 0 1186 6899 5469 0 0 8224 286 0 3689 0 4599 7943 1648 3923 0 6786 0 4295 0 0 3281 0 0 0 0 0 0 5018 0 2656 0 3779 0 3381 1487 0 2610 0 8142 8921 0 0 6728 8784 0 0 867 0 0 0 0 0 2384 8515 0 0 0 4260 3837 0 0 0 5004 9855 4058 7584 9242 0 0 0 0 3047 2541 0 5278 126 0 2538 0 1751 0 0 
1510 0 117 1426 0 964 5391 3354 4248 2050 0 4589 0 0 0 781 6437 4704 0 3381 0 9112 0 0 0 6418 0 0 3356 9478 0 0 9983 9380 0 9543 0 0 0 4683 906 0 3944 7064 412 8498 9 0 8810 9759 8240 2628 4709 0 0 0 0 0 8507 0 8261 6339 4077 7254 0 9492 0 0 0 0 0 0 6232 0 2370 0 0 4373 4780 0 0 0 3104 404 
0 0 2444 0 0 0 7057 519 7402 0 2588 9002 0 0 0 5678 1851 0 0 0 5757 0 7645 0 0 0 3389 0 0 0 0 0 0 3251 0 0 6812 0 0 0 0 0 0 2602 0 9641 1780 6133 2736 0 0 957 0 0 1487 0 6083 0 0 0 3594 4211 0 0 0 9504 0 0 4797 4234 0 4952 2126 5598 8743 0 0 0 0 5901 0 2199 0 1704 
8858 0 0 4871 0 4240 3211 0 5738 5807 0 8506 0 1716 7816 6112 4155 855 2766 0 4612 3645 9847 0 0 0 4735 7906 0 0 0 0 2384 0 4562 3734 0 1455 6350 6028 0 0 8378 0 8095 6250 2132 5206 0 0 7661 6359 0 0 3133 0 0 2872 8915 9654 0 0 0 0 9944 8695 2416 0 0 0 0 0 0 8884 6818 0 0 0 0 0 4938 0 2315 9784 
2135 4734 0 0 1304 0 0 0 0 8302 7388 226 0 8603 2508 0 58 0 0 0 0 8615 0 3840 1569 0 5755 0 5231 9033 1250 0 5479 0 0 0 0 0 9496 0 2155 0 3807 0 8715 9744 854 4988 0 9485 0 0 3525 0 5665 0 3846 0 2285 0 9930 0 5117 8984 0 0 2732 5294 0 8480 314 3556 0 5284 0 9490 0 0 4152 1181 893 1720 0 6584 
0 0 8612 6707 6796 1001 0 4159 1666 0 0 4094 0 0 8746 9187 6202 7438 0 0 4420 0 0 8935 0 0 4145 0 0 0 0 5074 7737 0 1680 0 9324 2104 2842 0 0 9110 0 0 0 6269 573 0 5331 4097 1606 0 7822 8924 5251 9452 0 0 3591 0 0 0 6999 9682 6103 0 6063 0 0 0 1237 623 7931 0 7308 0 0 0 4062 0 0 726 0 81 
3051 8357 7009 0 0 5097 4196 0 2371 2767 1685 0 6034 0 0 0 6901 7210 4613 6441 0 0 3185 4365 0 4836 0 0 0 0 5680 0 0 0 0 9045 0 0 0 5740 4721 608 0 0 0 0 6920 9879 6467 0 0 0 630 0 844 0 1357 0 240 320 0 53 0 0 0 6853 6111 9835 0 0 0 0 1289 2182 356 0 0 7137 0 0 0 362 2052 8457 
0 2276 9540 0 6466 0 1272 0 2291 0 2097 3418 0 7604 0 1010 0 1034 0 0 2611 0 0 0 6841 0 2122 3146 0 0 4162 1176 0 6868 762 1456 6200 0 2592 8751 0 3796 8572 0 0 8719 0 0 2348 0 6224 0 9004 0 0 0 1456 0 7796 0 8270 8238 4775 9480 3024 8261 8706 0 0 0 0 7560 5139 7582 2420 0 0 5095 0 0 4669 9386 3108 0 
0 0 1357 0 0 0 0 5397 0 5981 3070 7953 6035 1298 0 6588 0 9947 0 8236 4563 0 0 2570 0 7513 8553 8906 3948 0 6000 1833 0 0 931 0 7104 0 4702 0 0 1792 0 0 8436 0 0 626 0 6437 5643 0 1514 0 6001 0 0 8725 7580 6711 8466 6980 0 2128 0 4985 0 9651 2657 7338 8849 0 1555 840 5197 0 0 9898 3390 9552 0 2361 0 0 
0 0 7945 4421 0 0 923 353 0 0 0 0 0 5940 0 0 0 0 0 2367 0 3899 0 797 2668 1049 0 5529 0 1854 0 0 7434 6090 6021 0 197 5095 6521 0 0 291 0 5376 2385 0 0 0 0 0 8220 0 0 7793 0 0 8919 0 0 0 8460 5029 0 1777 7266 2343 0 7605 5720 5669 303 0 6463 2692 0 3133 4444 5293 7071 8463 0 0 0 3206 
0 6109 516 0 0 6125 0 3282 0 0 4503 0 0 760 0 1796 3233 617 0 5566 873 9617 5232 0 0 0 0 0 0 6512 5741 0 7007 1619 5499 0 8357 4115 0 3162 2943 4997 4763 9940 597 6293 7413 0 6544 0 5831 0 5814 2264 9920 6440 0 0 0 0 8135 6736 0 0 0 0 0 4452 0 93 0 0 4597 0 9644 1804 0 362 0 0 0 1324 0 4557 
6521 0 0 264 7807 2594 0 0 0 4485 824 0 3141 0 0 0 0 5119 3573 0 4902 8065 0 2386 9515 0 8528 7294 5282 0 0 9258 0 0 0 1314 0 0 0 0 0 6374 0 0 0 0 0 7362 0 4352 0 8018 0 0 0 0 0 3597 9717 27 0 1673 6031 0 0 2304 8051 0 0 7521 9809 0 0 0 0 3042 3061 5563 0 0 2089 7438 0 9792 
9178 0 0 3520 3124 877 0 0 0 1748 0 5560 1905 787 8948 0 7801 3666 3861 0 2405 0 6480 0 0 0 8187 7114 9462 0 0 0 9600 1000 0 2277 394 0 3896 945 5450 4513 3434 4573 0 1717 7509 8646 5484 0 2674 5774 0 2197 9836 9601 8135 7726 0 0 773 0 7243 0 9068 0 9672 0 0 2394 7939 7277 3548 6641 0 0 0 0 0 8723 2887 1979 0 0 
0 0 0 0 0 0 4416 0 0 0 87 0 0 8271 1224 0 2700 0 1793 5626 0 2317 7414 5822 8054 9505 2550 7990 0 0 0 0 0 3010 0 5669 9985 0 0 236 0 0 2114 0 1489 1143 0 0 3324 0 0 2090 7517 8357 3264 9546 4781 7008 1230 0 0 0 0 0 6000 0 2524 0 9746 7515 2538 0 4696 9570 3170 0 0 0 751 0 2407 7859 0 0 
0 0 4136 9177 0 255 0 741 8453 6839 0 0 0 2249 0 0 0 0 3879 0 0 0 0 4178 0 0 1083 6159 4835 3741 0 0 8247 3612 0 0 2157 0 0 5140 1627 1745 2762 0 0 0 0 7906 6129 6585 7623 0 1663 4210 5689 0 0 0 9891 2290 1805 3640 6454 0 0 0 3547 4995 0 280 9317 0 3077 2391 0 0 4260 0 8714 0 923 0 4396 0 
0 0 0 0 0 2239 0 4700 8056 0 7377 2526 0 9166 341 0 2391 9838 0 50 0 2940 9825 5116 0 0 8026 0 0 0 0 0 0 5858 1532 6099 78 3555 0 1211 3474 4844 0 9683 3949 0 0 9795 6071 6162 4947 0 0 9826 0 0 0 0 9178 6343 0 311 108 0 2943 0 0 6987 0 0 0 0 0 3686 1085 0 7071 0 0 8576 0 7555 6719 8009 
0 0 0 0 0 4698 3890 0 0 0 3798 1455 3221 6364 4110 2542 0 0 0 0 3358 2005 3631 4774 2965 5029 1203 0 5076 8732 0 4025 0 0 0 8120 0 0 0 40 0 8384 352 0 9539 0 0 0 0 2142 0 184 2395 0 0 0 3165 9124 0 0 3879 8796 5266 4352 8327 0 0 4791 0 0 9530 2678 9350 309 0 9589 0 0 2506 0 3151 0 5319 771 
0 0 0 4360 6600 339 0 0 0 1956 4689 2859 3295 4937 0 9438 4905 0 0 0 0 0 7998 0 5113 0 0 0 0 0 5772 0 2828 3682 4972 207 1176 0 7528 0 3792 8311 8782 8601 5787 332 0 8569 1230 0 0 207 0 9633 0 0 0 0 2747 6955 0 0 0 0 2141 2601 6775 7629 7289 0 6070 0 0 7480 0 4298 0 0 1686 0 9001 5712 4626 0 
0 3786 0 0 0 0 0 0 8034 5571 0 3774 5988 0 0 0 4641 0 3626 4026 5767 1065 0 6195 0 2342 0 0 5943 5291 7709 9130 0 0 7257 4795 7036 0 1539 7898 0 1292 0 0 0 0 0 0 6417 0 1275 8399 839 9268 0 0 0 2749 5971 0 0 0 1592 0 0 0 0 0 0 0 9763 9584 933 849 0 8851 955 0 1409 5968 8496 6005 7273 2111 
1716 0 7836 1498 3726 0 0 0 0 9178 0 7779 0 0 0 0 0 0 865 0 0 8536 0 0 0 0 34 0 0 0 4513 0 9034 0 4796 8722 4937 879 0 2434 5672 0 0 3143 9649 3507 0 3703 0 5212 0 2372 2569 5248 8009 0 0 0 0 232 6180 0 2237 0 5095 6926 6093 0 0 0 2634 0 0 0 6034 689 2522 0 0 0 0 1666 2217 5823 
0 0 0 1964 0 0 0 155 0 1094 443 649 0 0 6951 3236 0 999 6252 0 0 0 4136 0 1214 0 0 6993 2271 0 4159 0 0 7770 0 2373 0 0 5223 4378 2248 4105 1131 0 0 13 3270 0 276 2424 7430 0 2433 8935 7789 0 8974 0 0 8096 0 0 1015 0 0 74 857 0 287 2874 0 1816 1560 0 0 654 5883 0 5972 0 2393 0 0 0 
4010 2201 0 7764 0 0 0 0 0 0 4167 0 3704 2144 3817 0 6548 6839 0 9233 0 0 0 0 5704 0 0 3537 0 0 0 0 0 0 0 9685 3399 5476 0 5039 0 0 1948 3917 0 0 8455 0 3567 2765 0 0 0 227 296 0 0 8310 0 5863 0 0 3873 0 6500 8224 0 0 4353 0 0 0 0 0 9694 0 0 2877 0 7295 3172 0 0 5329 
6471 1420 0 8321 0 0 8487 81 0 0 0 8131 53 3622 0 0 2714 5404 0 970 9586 4791 0 0 0 2240 0 2426 0 3173 0 0 116 2800 0 0 0 0 0 6893 0 3182 4018 4371 4529 5434 0 8556 0 0 0 0 0 7724 1018 0 0 2967 0 0 6918 0 0 185 1462 1755 864 0 0 0 4337 7385 0 0 9794 0 0 0 0 7104 7959 0 0 9638 
5763 0 8345 1574 1895 0 3446 0 0 3711 0 515 0 0 0 5231 491 0 9284 0 0 0 0 4164 8739 0 0 2073 1254 9937 3444 8720 0 1971 5238 3193 4556 910 0 0 0 0 2464 3207 0 0 5434 0 0 0 6066 5424 911 7516 6593 8729 0 0 2692 0 0 3567 4419 424 5916 9598 4083 0 8477 7991 7458 6036 8418 3113 0 0 8149 3218 0 5770 3742 0 3470 0 
0 3299 4922 0 5977 6147 0 0 0 9296 2201 0 7147 6214 900 0 2099 2500 7655 2360 0 9519 2816 9443 0 5140 0 0 4778 0 3551 0 1376 0 8761 4277 0 4378 746 2795 7793 8969 0 3539 0 0 0 5660 0 0 0 6549 0 0 0 0 2679 0 0 1131 5301 0 4810 0 0 0 3881 0 7668 0 8766 8856 0 0 1314 0 5859 6371 0 7434 0 0 0 0 
6935 5928 2725 1521 8400 0 0 0 0 1345 0 992 0 3719 0 4980 8630 0 3642 8962 0 0 0 9032 0 5666 0 2690 0 0 6711 0 2847 8754 8652 3482 0 3487 0 2176 7362 0 0 0 9126 0 0 0 9239 4374 0 8722 418 0 0 9802 4285 0 0 4835 0 9554 0 7473 4558 0 2123 0 7730 0 0 818 0 0 7381 3375 0 2957 0 4050 0 0 4525 8129 
6536 0 2191 3949 8073 8963 6276 0 6639 0 0 0 5998 7839 7638 0 8057 0 765 0 0 0 1145 0 715 0 7946 7738 0 0 0 2382 5688 0 3043 0 5752 0 9913 0 3884 2928 5172 9829 0 0 3850 0 1708 0 0 7307 2445 0 4036 0 0 1450 0 0 0 0 0 0 0 0 9246 6179 1608 4660 0 8623 0 0 6106 0 258 7739 0 9593 8113 0 3561 0 
9225 0 0 0 4575 0 4227 3203 0 8642 0 0 2934 0 3430 5210 584 0 3628 0 5217 0 3761 253 0 0 3813 1820 0 9318 0 9929 0 7565 4434 9802 0 2235 6228 0 0 0 0 0 2003 9748 0 0 2023 0 0 1219 2011 0 5674 0 0 0 0 0 0 0 0 0 0 0 4774 0 0 1292 0 0 7389 0 0 4810 9060 0 0 0 1875 3389 0 0 
7706 0 0 4819 2223 6098 5327 0 0 0 0 0 5242 0 0 0 547 0 7253 0 0 0 3344 6322 0 0 0 0 0 3424 0 0 749 0 3587 0 0 0 0 0 7454 3357 0 5443 0 9538 8606 0 0 0 0 5010 2136 0 0 9648 8956 4919 2855 0 0 0 0 3478 889 0 0 0 0 255 0 0 6995 5274 0 0 0 0 0 0 0 0 4289 1272 
0 4021 9649 0 0 0 0 3600 0 0 0 0 0 0 9817 566 0 0 6916 0 0 1299 3034 1914 4922 7053 0 7119 8455 0 0 9825 4407 0 4249 7636 8533 4072 4988 0 7072 0 7384 0 6779 0 2255 0 0 0 0 0 0 8482 5026 2030 0 0 194 0 9072 8652 5587 0 0 1959 0 7254 0 0 878 4010 0 0 5531 6368 1221 5033 9789 0 9177 5724 9667 0 
7679 0 0 0 0 0 56 0 0 5592 0 928 3046 0 0 0 5559 0 0 0 0 0 1143 5199 2023 0 923 0 1664 0 999 3570 0 3664 6851 0 1936 3986 1148 0 0 5987 7423 0 0 0 7451 0 6612 0 0 4810 0 0 8557 7823 0 8793 0 0 7901 2333 8031 0 0 0 5766 0 1124 867 7513 4222 2804 0 0 2951 6386 6291 0 4082 9879 0 6863 0 
8147 0 0 1861 0 0 0 5618 0 0 0 0 0 0 2531 4439 0 2940 5208 0 0 0 3044 1018 0 0 8146 8879 0 9296 0 3220 3401 0 2108 13 0 4633 7599 0 960 0 0 0 0 0 5909 0 0 0 0 5021 0 0 0 463 5371 0 0 0 4897 0 6130 7834 3358 0 0 2892 0 26 3468 0 9429 0 0 3546 0 8507 0 2222 6286 0 0 7572 
0 0 8801 1019 3578 6411 4405 0 1195 5012 0 6557 8772 0 9348 0 0 7938 3510 8836 9138 0 9615 0 5507 0 3808 0 2727 7251 3625 5083 0 3311 7336 0 0 2600 8270 5709 0 2554 0 0 0 2761 0 0 5144 5937 0 7610 3184 8601 8655 0 3846 0 0 7866 0 0 0 0 0 4331 0 7997 7439 0 0 0 0 9343 2016 7960 4747 7234 6243 4173 6039 0 9890 7097 
0 9043 0 0 9046 0 2887 0 0 6775 0 6723 7637 3521 0 0 0 0 0 0 8134 6818 143 0 0 0 0 0 0 0 6026 3323 5079 0 0 7279 4262 0 0 7554 0 3505 0 0 0 107 8749 7720 342 1176 0 0 0 1209 0 6377 0 3298 6944 3069 9782 0 8499 0 0 1945 0 121 5081 9171 0 0 0 0 0 0 5957 0 0 0 0 0 8324 0 
3285 0 0 511 47 8721 1570 0 0 0 0 0 0 8654 0 613 0 5162 0 0 0 4144 0 0 7624 7046 5313 4806 0 6013 0 0 4085 0 1279 0 6211 0 0 0 1867 0 962 2837 0 2845 0 6326 1027 0 9315 0 5351 0 5322 0 8496 4453 8997 1300 0 0 0 1474 9380 0 8834 589 4535 0 2384 0 178 1425 6650 0 3967 1204 6099 9822 1462 3863 0 5802 
6865 383 0 8868 3067 0 6530 0 9996 1832 4727 9671 0 0 2936 0 0 1799 2887 9261 0 8511 3007 0 0 0 0 0 9283 4471 0 1145 3375 7163 8600 0 1264 4028 4159 8429 769 0 0 0 0 2888 0 0 0 618 0 0 0 0 340 5396 7302 0 0 2134 1808 0 0 1931 0 7295 4649 2648 0 4891 0 0 0 0 0 0 0 8942 0 4917 2974 0 0 0 
0 0 7772 4668 3914 5697 0 0 840 7050 267 3105 1424 0 0 0 7983 0 7065 5872 0 0 0 2033 897 6375 0 0 0 0 0 0 0 0 5390 5621 4723 6325 911 0 6168 609 7098 0 7037 1383 5819 0 9260 0 0 8771 0 0 6652 7489 0 0 1565 9831 0 0 0 0 7603 0 0 0 0 4657 0 680 2222 0 2142 0 6770 0 3957 537 2978 8956 0 4746 
3620 9036 0 0 0 0 0 7075 0 206 1793 0 0 8876 0 0 6074 0 766 0 0 0 5408 8077 178 3209 0 0 0 0 0 91 2449 0 9830 1661 0 5627 0 0 0 0 0 0 7749 0 9968 9494 425 0 8939 1330 0 0 6154 6640 0 9245 0 8090 0 8709 0 4058 7714 0 8060 0 3716 385 258 8563 5717 8417 0 9722 3976 0 5084 8644 0 3209 7110 0 
5626 0 7894 0 8424 0 899 8314 7947 1401 1600 7022 2574 7717 8165 3502 9421 9892 1592 0 0 9915 1464 9015 0 0 159 4190 8100 9029 0 3809 2508 0 0 0 0 0 0 6827 0 0 1708 1119 8277 9370 1882 0 0 0 0 0 318 9845 326 0 0 7286 3474 9867 236 0 0 0 2367 2564 4786 9496 4042 0 0 1648 3169 0 0 0 0 0 0 2481 0 0 0 0 
0 0 9367 9491 0 0 3860 0 989 0 0 5174 772 0 5565 0 0 8694 0 0 1071 0 6266 1700 0 5915 0 0 0 0 0 0 1264 3700 8326 8512 3827 2591 163 510 0 0 4115 9941 0 3354 2694 0 0 6499 0 303 8052 0 9396 0 0 0 7133 4770 0 2764 0 9313 8040 0 2928 501 6189 0 0 7877 0 4609 478 0 0 3044 0 2623 0 0 0 0 
0 0 0 0 0 4255 3455 7588 991 0 9463 0 4685 3652 2826 0 0 981 5389 0 9920 0 0 0 9045 1797 3444 7146 5701 0 0 0 1675 2425 5826 6654 0 9633 0 3216 850 0 557 1588 1049 0 0 2736 7239 0 0 0 7385 3069 0 0 0 0 1167 9723 9715 0 9962 0 8659 9524 0 0 0 0 2709 0 8940 0 0 6309 433 0 0 0 9767 0 8932 940 
2395 5655 0 0 0 3411 0 2596 0 0 0 0 5369 0 0 806 4077 4673 1183 0 659 2386 1251 4727 8983 0 0 0 4477 0 0 3474 852 1751 0 0 1158 0 0 7166 1312 0 6877 0 6522 0 0 0 0 3096 5633 0 219 4855 3383 0 465 3699 0 2846 0 4359 0 1709 8746 0 9915 7721 8336 8795 0 1998 33 9936 5385 0 9247 0 0 0 8332 0 0 0 
4489 0 3585 0 4243 0 1224 0 481 9337 0 0 1219 0 7274 4237 3712 5943 0 4443 0 0 7728 7604 4288 2414 0 0 7180 0 3096 0 9212 7933 0 0 7297 0 7451 0 1924 0 8737 0 6701 6720 9041 7844 0 7377 6617 9523 8444 0 64 0 2387 0 0 120 0 0 9425 5610 9341 0 9296 594 0 0 7719 9782 0 7806 0 9919 4442 37 3148 0 9778 9463 0 0 
8761 0 0 0 0 96 8826 2539 0 0 218 0 0 5893 8167 3435 0 0 8819 9270 4318 9476 0 5569 0 3021 0 5508 6816 0 9237 4763 0 8506 466 1008 0 0 0 6895 0 0 9305 4739 0 114 0 595 0 0 3866 0 6073 3095 3508 4899 0 9581 0 0 0 1301 0 328 130 0 0 8840 7146 0 0 7978 0 0 0 0 0 5756 5918 0 0 0 6624 207 
0 6030 0 0 0 2501 0 0 0 9527 0 2093 0 9912 0 6795 0 3835 648 0 2375 0 8396 0 0 5335 2712 0 1600 0 0 0 0 6509 60 1387 3290 5490 7559 1474 4495 0 3774 4016 0 0 9103 0 4140 6387 6738 0 0 0 0 9895 0 0 6388 0 0 8462 0 0 0 0 0 0 320 2015 0 7927 8008 6059 3952 0 3594 0 3125 0 198 0 0 0 
7414 3435 4947 0 0 0 0 8017 2834 4404 9415 0 0 9970 734 0 7807 4157 6871 4425 0 0 0 3686 6034 6206 8113 0 0 0 9946 0 6038 0 0 1109 2140 0 5342 3199 2795 0 0 3572 0 7622 0 9340 0 1631 0 1001 2107 0 7991 0 4997 6257 0 0 4747 0 9962 5796 1693 0 3660 5692 7971 0 7737 0 2812 1095 0 4947 0 8664 0 0 0 0 0 6686 
0 0 0 9826 421 0 4132 0 0 0 0 0 0 0 0 0 6794 7739 4710 0 0 0 0 6651 8805 9155 7801 0 0 0 0 5247 0 0 0 0 2284 935 0 4689 0 0 0 9581 0 9674 0 42 0 0 7918 7463 0 9475 0 0 8928 3613 0 0 9776 6637 0 0 31 6318 0 0 3007 8865 6027 5162 6984 5943 2707 0 1700 958 1329 2668 5044 0 8480 0 
