0 7964 1574 0 0 1415 9000 921 0 3954 4187 0 0 
0 0 9944 0 5708 0 0 736 1883 0 0 1801 5980 
658 0 0 0 0 3056 8165 0 8130 7141 0 0 8836 
5175 2536 0 0 0 0 0 0 0 0 554 0 7639 
7693 0 0 7571 0 0 189 0 0 8536 0 6454 5744 
0 8238 0 0 9806 0 0 0 8066 8543 8088 5113 0 
142 0 4040 0 0 0 0 0 8428 0 8812 169 8135 
0 4936 0 0 0 0 0 0 0 0 2888 0 3464 
0 0 5445 0 0 0 1267 518 0 0 0 4033 6583 
0 0 4716 0 0 0 0 0 922 0 0 2326 0 
0 0 6017 0 6564 0 0 0 0 914 0 0 0 
9544 0 0 0 6790 253 0 5211 0 0 3586 0 9474 
0 0 2363 8287 7406 6514 0 8521 593 3780 0 7618 0 
